Feige110         23 19 58.4   -05 09 56.0 
G191B2B          05 05 30.6   +52 49 54.0 
A0030-2326       00 30 00.20  -23 26 04.00
L0050-0432       00 50 02.54  -04 32 43.33
C0053-2012       00 53 44.48  -20 12 33.29
C0118-0104       01 18 12.03  -01 04 42.43
C0122+0358       01 22 23.76   03 58 37.38
L0140-2234       01 40 32.33  -22 34 58.44
L0140-1700       01 40 51.82  -17 00 01.44
L0141-1214       01 41 14.33  -12 14 21.84
L0156-1019       01 56 49.80  -10 19 02.28
P0223-3312       02 23 33.30  -33 12 37.00
L0235+0248       02 35 46.85   02 48 14.26
L0248-0412       02 48 12.41  -04 12 24.16
L0248-2632       02 48 34.97  -26 32 37.68
C0254-2243       02 54 17.27  -22 43 53.41
A0259-2338       02 59 33.51  -23 38 01.78
L0325-2232       03 25 48.26  -22 32 27.24
C0340-2545       03 40 08.42  -25 45 39.54
L0355-2308       03 55 34.08  -23 08 33.00
C0407-1931       04 07 53.79  -19 31 21.15
B0445+123        04 48 22.049  12 27 55.99
L0456-2823       04 56 46.920 -28 23 27.60
A0508-2748       05 08 03.190 -27 48 19.20
B0631+519        06 35 12.314  51 57 01.80
B0712+472        07 16 03.577  47 08 50.15
MG0751+2715      07 51 41.460  27 16 31.40
HS0810+2554      08 13 31.300  25 45 03.20
2M1134-2103      11 34 40.5   -21 03 23.00
