Feige110         23 19 58.4   -05 09 56.0 
A2213-2652       22 13 38.42  -26 52 27.07
P2356-2754       23 56 05.90  -27 54 44.00
L0007+0053       00 07 10.02   00 53 29.01
C0027+0232       00 27 02.86   02 32 15.03
A0030-2326       00 30 00.20  -23 26 04.00
L0050-0432       00 50 02.54  -04 32 43.33
C0053-2012       00 53 44.48  -20 12 33.29
C0053-2012v2     00 53 44.48  -20 12 33.29
C0112-1650       01 12 33.89  -16 50 27.44
C0118-0104       01 18 12.03  -01 04 42.43
C0122+0358       01 22 23.76   03 58 37.38
L0140-2234       01 40 32.33  -22 34 58.44
L0140-1700       01 40 51.82  -17 00 01.44
L0141-1214       01 41 14.33  -12 14 21.84
L0156-1019       01 56 49.80  -10 19 02.28
P0214+4618       02 14 12.00   46 18 26.00
P0223-3312       02 23 33.30  -33 12 37.00
L0229+0320       02 29 58.18   03 20 30.98
L0235+0248       02 35 46.85   02 48 14.26
F0247-1725       02 47 22.40  -17 25 46.69
L0248-0412       02 48 12.41  -04 12 24.16
L0248-2632       02 48 34.97  -26 32 37.68
C0254-2243       02 54 17.27  -22 43 53.41
A0259-2338       02 59 33.51  -23 38 01.78
C0313-2546       03 13 38.11  -25 46 30.44
L0325-2232       03 25 48.26  -22 32 27.24
C0340-2545       03 40 08.42  -25 45 39.54
L0355-2308       03 55 34.08  -23 08 33.00
C0407-1931       04 07 53.79  -19 31 21.15
C0443-2403       04 43 55.26  -24 03 26.07
A0448-2719       04 48 43.210 -27 19 31.88
L0456-2823       04 56 46.920 -28 23 27.60
A0508-2748       05 08 03.190 -27 48 19.20
C0512-1817       05 12 27.150 -18 17 53.87
A0937+0532       09 37 31.860  05 32 05.42
P1023+7053       10 23 56.230  70 53 37.72
2M1134-2103AD    11 34 40.5   -21 03 23.00
2M1134-2103BC    11 34 40.5   -21 03 23.00
