# Target          RA2000       Dec2000      PA   i Mag FC?
#------------   -----------  -----------   ----- ----- ---
AA_J2057+0006   20 57 52.47  +00 06 35.3    +7.0 18.4   Y 
FO_J2112+0001   21 12 41.20  +00 01 07.2   -37.3
FO_J2134-0037   21 34 44.14  -00 37 40.0   +50.0
AA_J2127-0134HP 21 27 43.3   -01 34 26.0    -2.3 20.6   Y 
FO_J2127+0118   21 27 07.69  +01 18 53.1   +28.4 -9.9   Y 
FO_J2132-0123   21 32 45.39  -01 23 19.7   +70.6 -9.9   Y 
FO_J2138-0118   21 38 32.16  -01 18 15.9   -48.4 -9.9   Y 
AA_J2157-1406   21 57 26.34  -14 06 36.8   -15.0 19.7   Y 
FO_J2205+0031HP 22 05 01.19  +00 31 22.9   +81.5 19.6   Y 
FO_J2222+0107   22 22 07.66  +01 07 49.8   -27.2 -9.9   Y  
FO_J2226+0109   22 26 08.46  +01 09 22.2   -37.6 
FO_J2236+0019   22 36 32.84  +00 19 40.7   -43.4 20.8   Y 
AA_J2247+0027   22 47 35.86  +00 27 17.5   +88.0 20.4   Y 
AA_J2322-2858   23 22 34.10  -28 58 25.6   +20.0 18.9   Y 
AA_J2337+0056   23 37 13.66  +00 56 10.8    +7.0 18.5   Y 
AA_J2339-0118   23 39 46.25  -01 18 22.32   -3.8 21.4   Y 
AA_J0008-0103   00 08 37.67  -01 03 13.7   -12.4 21.0   Y 
AA_J0017-0124   00 17 32.27  -01 24 07.1   +88.0 19.2   Y 
AA_J0034-3412   00 34 17.00  -34 12 38.6   -25.0 18.6   Y 
AA_J0050+0010   00 50 40.58  +00 10 30.5   -15.0 20.5   Y 
AA_J0138-0912LP 01 38 13.53  -09 12 39.8   +15.0 19.5   Y 
AA_J0200-1509   02 00 20.93  -15 09 39.0   +75.0 18.9   Y
AA_J0229+0320   02 29 58.21  +03 20 30.2   -15.0 18.1   Y 
AA_J0240-0208   02 40 18.40  -02 08 50.3   -25.0 18.1   Y 
AA_J0516-2414HP 05 16 39.77  -24 14 29.71  +10.0 99.9   N*
MO_J0141+0039   01 41 52.46  +00 39 56.15  -79.2 20.6   Y 
HE0047-1756     00 50 27.80  -17 40 09.00   -9.1 99.9   N*
J0246-0825      02 46 34.11  -08 25 36.20  -56.1 17.6   Y 
HS2209+1914     22 11 30.30  +19 29 12.00  -18.5 15.4   Y  
BD332642        15 51 59.9   +32 56 55.0   para  10.81
BD284211        21 51 11.1   +28 51 52.0   para  10.51  Y 
G158-100        00 33 54.3   -12 07 57.0   para 
GD50            03 48 50.1   -00 58 30.0   para 
# HE0047 and SDSS0246 PAs from Haggles data reduction
# HS2209 PAs from Chantry et al. (HE0047 in that paper is consistent)
