J2057 20 57 52.47  +00 06 35.3 
J2127 21 27 43.3   -01 34 26.0 
J2127 21 27 07.69  +01 18 53.1
J2132 21 32 45.39  -01 23 19.7
J2138 21 38 32.16  -01 18 15.9
J2157 21 57 26.34  -14 06 36.8 
J2205 22 05 01.19  +00 31 22.9 
J2222 22 22 07.66  +01 07 49.8
J2236 22 36 32.84  +00 19 40.7 
J2247 22 47 35.86  +00 27 17.5 
J2322 23 22 34.10  -28 58 25.6 
J2337 23 37 13.66  +00 56 10.8 
J2339 23 39 46.25  -01 18 22.3 
J0008 00 08 37.67  -01 03 13.7 
J0017 00 17 32.27  -01 24 07.1 
J0034 00 34 17.00  -34 12 38.6 
J0050 00 50 40.58  +00 10 30.5 
J0138 01 38 13.53  -09 12 39.8 
J0200 02 00 20.93  -15 09 39.0
J0229 02 29 58.21  +03 20 30.2 
J0240 02 40 18.40  -02 08 50.3 
J0516 05 16 39.77  -24 14 29.7
MOJ0141  01 41 52.46  +00 39 56.15
