#Slit   xtrim       ytrim    ytrim_bg
#---- ----------  ---------  ---------
 1       0  1969   375  493   375  493
 2       0  1871   516  565   516  565
 3       0  1762   574  607   574  607
 4       0  1810   619  658   621  660
 5      49  2093   670  723   673  726
# 6
 7       0  1839   808  867   813  872
 8       0  1761   878  930   886  938
 9       0  1872   938  990   946  998
10     232  2279   998 1039  1008 1049
11       0  2030  1050 1100  1062 1112
12       0  2030  1208 1318  1220 1330
