HZ44             13 23 35.4   +36 08 00.0  2000.0  vmag=11.66
A1255-0455	 12 55 55.816800 -04 55 03.144000 2000.0 rotmode=pa rotdest=294.6
1335+4542 	 13 35 21.962520 +45 42 38.247012 2000.0 rotmode=pa rotdest=-40.9
A1507-1442 	 15 07 48.201600 -14 42 11.952000 2000.0 rotmode=pa rotdest=37.9
A1523-0517 	 15 23 37.238400 -05 17 4.9560000 2000.0 rotmode=pa rotdest=327
EEL_J1605+3811   16 05 23.280000 +38 11 53.952000 2000.0 rotmode=pa rotdest=87
F1617+3827 	 16 17 52.870080 +38 27 39.092400 2000.0 rotmode=pa rotdest=-17.8
J161840.6	 16 18 40.632408 +30 13 12.164412 2000.0 rotmode=pa rotdest=-51.3 
J1654+4318	 16 54 34.879200 +43 18 12.276000 2000.0 rotmode=pa rotdest=8.3 
J1756+3923 	 17 56 21.679200 +39 23 39.120000 2000.0 rotmode=pa rotdest=-41.8 
S2209+0045 	 22 09 6.9144000 +00 45 43.848000 2000.0 rotmode=pa rotdest=6.1 
HS2209		 22 11 30.300000 +19 29 12.000012 2000.0 rotmode=pa rotdest=-13 
EEL_J2228-0018	 22 28 40.809600 -00 18 16.812000 2000.0 rotmode=pa rotdest=70
J225725.4	 22 57 25.406952 +23 49 30.372168 2000.0 rotmode=pa rotdest=64.8 
F0001-0735 	 00 01 55.615200 -07 35 04.416000 2000.0 rotmode=pa rotdest=-13.6 
