7.20000e+03 1.00000e+00
7.20025e+03 1.00000e+00
7.20050e+03 1.00000e+00
7.20075e+03 1.00000e+00
7.20100e+03 1.00000e+00
7.20125e+03 1.00000e+00
7.20150e+03 1.00000e+00
7.20175e+03 1.00000e+00
7.20200e+03 1.00000e+00
7.20225e+03 1.00000e+00
7.20250e+03 1.00000e+00
7.20275e+03 1.00000e+00
7.20300e+03 1.00000e+00
7.20325e+03 1.00000e+00
7.20350e+03 1.00000e+00
7.20375e+03 1.00000e+00
7.20400e+03 1.00000e+00
7.20425e+03 1.00000e+00
7.20450e+03 1.00000e+00
7.20475e+03 1.00000e+00
7.20500e+03 1.00000e+00
7.20525e+03 1.00000e+00
7.20550e+03 1.00000e+00
7.20575e+03 1.00000e+00
7.20600e+03 1.00000e+00
7.20625e+03 1.00000e+00
7.20650e+03 1.00000e+00
7.20675e+03 1.00000e+00
7.20700e+03 1.00000e+00
7.20725e+03 1.00000e+00
7.20750e+03 1.00000e+00
7.20775e+03 1.00000e+00
7.20800e+03 1.00000e+00
7.20825e+03 1.00000e+00
7.20850e+03 1.00000e+00
7.20875e+03 1.00000e+00
7.20900e+03 1.00000e+00
7.20925e+03 1.00000e+00
7.20950e+03 1.00000e+00
7.20975e+03 1.00000e+00
7.21000e+03 1.00000e+00
7.21025e+03 1.00000e+00
7.21050e+03 1.00000e+00
7.21075e+03 1.00000e+00
7.21100e+03 1.00000e+00
7.21125e+03 1.00000e+00
7.21150e+03 1.00000e+00
7.21175e+03 1.00000e+00
7.21200e+03 1.00000e+00
7.21225e+03 1.00000e+00
7.21250e+03 1.00000e+00
7.21275e+03 1.00000e+00
7.21300e+03 1.00000e+00
7.21325e+03 1.00000e+00
7.21350e+03 1.00000e+00
7.21375e+03 1.00000e+00
7.21400e+03 1.00000e+00
7.21425e+03 1.00000e+00
7.21450e+03 1.00000e+00
7.21475e+03 1.00000e+00
7.21500e+03 1.00000e+00
7.21525e+03 1.00000e+00
7.21550e+03 1.00000e+00
7.21575e+03 1.00000e+00
7.21600e+03 1.00000e+00
7.21625e+03 1.00000e+00
7.21650e+03 1.00000e+00
7.21675e+03 1.00000e+00
7.21700e+03 1.00000e+00
7.21725e+03 1.00000e+00
7.21750e+03 1.00000e+00
7.21775e+03 1.00000e+00
7.21800e+03 1.00000e+00
7.21825e+03 1.00000e+00
7.21850e+03 1.00000e+00
7.21875e+03 1.00000e+00
7.21900e+03 1.00000e+00
7.21925e+03 1.00000e+00
7.21950e+03 1.00000e+00
7.21975e+03 1.00000e+00
7.22000e+03 1.00000e+00
7.22025e+03 1.00000e+00
7.22050e+03 1.00000e+00
7.22075e+03 1.00000e+00
7.22100e+03 1.00000e+00
7.22125e+03 1.00000e+00
7.22150e+03 1.00000e+00
7.22175e+03 1.00000e+00
7.22200e+03 1.00000e+00
7.22225e+03 1.00000e+00
7.22250e+03 1.00000e+00
7.22275e+03 1.00000e+00
7.22300e+03 1.00000e+00
7.22325e+03 1.00000e+00
7.22350e+03 1.00000e+00
7.22375e+03 1.00000e+00
7.22400e+03 1.00000e+00
7.22425e+03 1.00000e+00
7.22450e+03 1.00000e+00
7.22475e+03 1.00000e+00
7.22500e+03 1.00000e+00
7.22525e+03 1.00000e+00
7.22550e+03 1.00000e+00
7.22575e+03 1.00000e+00
7.22600e+03 1.00000e+00
7.22625e+03 1.00000e+00
7.22650e+03 1.00000e+00
7.22675e+03 1.00000e+00
7.22700e+03 1.00000e+00
7.22725e+03 1.00000e+00
7.22750e+03 1.00000e+00
7.22775e+03 1.00000e+00
7.22800e+03 1.00000e+00
7.22825e+03 1.00000e+00
7.22850e+03 1.00000e+00
7.22875e+03 1.00000e+00
7.22900e+03 1.00000e+00
7.22925e+03 1.00000e+00
7.22950e+03 1.00000e+00
7.22975e+03 1.00000e+00
7.23000e+03 1.00000e+00
7.23025e+03 1.00000e+00
7.23050e+03 1.00000e+00
7.23075e+03 1.00000e+00
7.23100e+03 1.00000e+00
7.23125e+03 1.00000e+00
7.23150e+03 1.00000e+00
7.23175e+03 1.00000e+00
7.23200e+03 1.00000e+00
7.23225e+03 1.00000e+00
7.23250e+03 1.00000e+00
7.23275e+03 1.00000e+00
7.23300e+03 1.00000e+00
7.23325e+03 1.00000e+00
7.23350e+03 1.00000e+00
7.23375e+03 1.00000e+00
7.23400e+03 1.00000e+00
7.23425e+03 1.00000e+00
7.23450e+03 1.00000e+00
7.23475e+03 1.00000e+00
7.23500e+03 1.00000e+00
7.23525e+03 1.00000e+00
7.23550e+03 1.00000e+00
7.23575e+03 1.00000e+00
7.23600e+03 1.00000e+00
7.23625e+03 1.00000e+00
7.23650e+03 1.00000e+00
7.23675e+03 1.00000e+00
7.23700e+03 1.00000e+00
7.23725e+03 1.00000e+00
7.23750e+03 1.00000e+00
7.23775e+03 1.00000e+00
7.23800e+03 1.00000e+00
7.23825e+03 1.00000e+00
7.23850e+03 1.00000e+00
7.23875e+03 1.00000e+00
7.23900e+03 1.00000e+00
7.23925e+03 1.00000e+00
7.23950e+03 1.00000e+00
7.23975e+03 1.00000e+00
7.24000e+03 1.00000e+00
7.24025e+03 1.00000e+00
7.24050e+03 1.00000e+00
7.24075e+03 1.00000e+00
7.24100e+03 1.00000e+00
7.24125e+03 1.00000e+00
7.24150e+03 1.00000e+00
7.24175e+03 1.00000e+00
7.24200e+03 1.00000e+00
7.24225e+03 1.00000e+00
7.24250e+03 1.00000e+00
7.24275e+03 1.00000e+00
7.24300e+03 1.00000e+00
7.24325e+03 1.00000e+00
7.24350e+03 1.00000e+00
7.24375e+03 1.00000e+00
7.24400e+03 1.00000e+00
7.24425e+03 1.00000e+00
7.24450e+03 1.00000e+00
7.24475e+03 1.00000e+00
7.24500e+03 1.00000e+00
7.24525e+03 1.00000e+00
7.24550e+03 1.00000e+00
7.24575e+03 1.00000e+00
7.24600e+03 1.00000e+00
7.24625e+03 1.00000e+00
7.24650e+03 1.00000e+00
7.24675e+03 1.00000e+00
7.24700e+03 1.00000e+00
7.24725e+03 1.00000e+00
7.24750e+03 1.00000e+00
7.24775e+03 1.00000e+00
7.24800e+03 1.00000e+00
7.24825e+03 1.00000e+00
7.24850e+03 1.00000e+00
7.24875e+03 1.00000e+00
7.24900e+03 1.00000e+00
7.24925e+03 1.00000e+00
7.24950e+03 1.00000e+00
7.24975e+03 1.00000e+00
7.25000e+03 1.00000e+00
7.25025e+03 1.00000e+00
7.25050e+03 1.00000e+00
7.25075e+03 1.00000e+00
7.25100e+03 1.00000e+00
7.25125e+03 1.00000e+00
7.25150e+03 1.00000e+00
7.25175e+03 1.00000e+00
7.25200e+03 1.00000e+00
7.25225e+03 1.00000e+00
7.25250e+03 1.00000e+00
7.25275e+03 1.00000e+00
7.25300e+03 1.00000e+00
7.25325e+03 1.00000e+00
7.25350e+03 1.00000e+00
7.25375e+03 1.00000e+00
7.25400e+03 1.00000e+00
7.25425e+03 1.00000e+00
7.25450e+03 1.00000e+00
7.25475e+03 1.00000e+00
7.25500e+03 1.00000e+00
7.25525e+03 1.00000e+00
7.25550e+03 1.00000e+00
7.25575e+03 1.00000e+00
7.25600e+03 1.00000e+00
7.25625e+03 1.00000e+00
7.25650e+03 1.00000e+00
7.25675e+03 1.00000e+00
7.25700e+03 1.00000e+00
7.25725e+03 1.00000e+00
7.25750e+03 1.00000e+00
7.25775e+03 1.00000e+00
7.25800e+03 1.00000e+00
7.25825e+03 1.00000e+00
7.25850e+03 1.00000e+00
7.25875e+03 1.00000e+00
7.25900e+03 1.00000e+00
7.25925e+03 1.00000e+00
7.25950e+03 1.00000e+00
7.25975e+03 1.00000e+00
7.26000e+03 1.00000e+00
7.26025e+03 1.00000e+00
7.26050e+03 1.00000e+00
7.26075e+03 1.00000e+00
7.26100e+03 1.00000e+00
7.26125e+03 1.00000e+00
7.26150e+03 1.00000e+00
7.26175e+03 1.00000e+00
7.26200e+03 1.00000e+00
7.26225e+03 1.00000e+00
7.26250e+03 1.00000e+00
7.26275e+03 1.00000e+00
7.26300e+03 1.00000e+00
7.26325e+03 1.00000e+00
7.26350e+03 1.00000e+00
7.26375e+03 1.00000e+00
7.26400e+03 1.00000e+00
7.26425e+03 1.00000e+00
7.26450e+03 1.00000e+00
7.26475e+03 1.00000e+00
7.26500e+03 1.00000e+00
7.26525e+03 1.00000e+00
7.26550e+03 1.00000e+00
7.26575e+03 1.00000e+00
7.26600e+03 1.00000e+00
7.26625e+03 1.00000e+00
7.26650e+03 1.00000e+00
7.26675e+03 1.00000e+00
7.26700e+03 1.00000e+00
7.26725e+03 1.00000e+00
7.26750e+03 1.00000e+00
7.26775e+03 1.00000e+00
7.26800e+03 1.00000e+00
7.26825e+03 1.00000e+00
7.26850e+03 1.00000e+00
7.26875e+03 1.00000e+00
7.26900e+03 1.00000e+00
7.26925e+03 1.00000e+00
7.26950e+03 1.00000e+00
7.26975e+03 1.00000e+00
7.27000e+03 1.00000e+00
7.27025e+03 1.00000e+00
7.27050e+03 1.00000e+00
7.27075e+03 1.00000e+00
7.27100e+03 1.00000e+00
7.27125e+03 1.00000e+00
7.27150e+03 1.00000e+00
7.27175e+03 1.00000e+00
7.27200e+03 1.00000e+00
7.27225e+03 1.00000e+00
7.27250e+03 1.00000e+00
7.27275e+03 1.00000e+00
7.27300e+03 1.00000e+00
7.27325e+03 1.00000e+00
7.27350e+03 1.00000e+00
7.27375e+03 1.00000e+00
7.27400e+03 1.00000e+00
7.27425e+03 1.00000e+00
7.27450e+03 1.00000e+00
7.27475e+03 1.00000e+00
7.27500e+03 1.00000e+00
7.27525e+03 1.00000e+00
7.27550e+03 1.00000e+00
7.27575e+03 1.00000e+00
7.27600e+03 1.00000e+00
7.27625e+03 1.00000e+00
7.27650e+03 1.00000e+00
7.27675e+03 1.00000e+00
7.27700e+03 1.00000e+00
7.27725e+03 1.00000e+00
7.27750e+03 1.00000e+00
7.27775e+03 1.00000e+00
7.27800e+03 1.00000e+00
7.27825e+03 1.00000e+00
7.27850e+03 1.00000e+00
7.27875e+03 1.00000e+00
7.27900e+03 1.00000e+00
7.27925e+03 1.00000e+00
7.27950e+03 1.00000e+00
7.27975e+03 1.00000e+00
7.28000e+03 1.00000e+00
7.28025e+03 1.00000e+00
7.28050e+03 1.00000e+00
7.28075e+03 1.00000e+00
7.28100e+03 1.00000e+00
7.28125e+03 1.00000e+00
7.28150e+03 1.00000e+00
7.28175e+03 1.00000e+00
7.28200e+03 1.00000e+00
7.28225e+03 1.00000e+00
7.28250e+03 1.00000e+00
7.28275e+03 1.00000e+00
7.28300e+03 1.00000e+00
7.28325e+03 1.00000e+00
7.28350e+03 1.00000e+00
7.28375e+03 1.00000e+00
7.28400e+03 1.00000e+00
7.28425e+03 1.00000e+00
7.28450e+03 1.00000e+00
7.28475e+03 1.00000e+00
7.28500e+03 1.00000e+00
7.28525e+03 1.00000e+00
7.28550e+03 1.00000e+00
7.28575e+03 1.00000e+00
7.28600e+03 1.00000e+00
7.28625e+03 1.00000e+00
7.28650e+03 1.00000e+00
7.28675e+03 1.00000e+00
7.28700e+03 1.00000e+00
7.28725e+03 1.00000e+00
7.28750e+03 1.00000e+00
7.28775e+03 1.00000e+00
7.28800e+03 1.00000e+00
7.28825e+03 1.00000e+00
7.28850e+03 1.00000e+00
7.28875e+03 1.00000e+00
7.28900e+03 1.00000e+00
7.28925e+03 1.00000e+00
7.28950e+03 1.00000e+00
7.28975e+03 1.00000e+00
7.29000e+03 1.00000e+00
7.29025e+03 1.00000e+00
7.29050e+03 1.00000e+00
7.29075e+03 1.00000e+00
7.29100e+03 1.00000e+00
7.29125e+03 1.00000e+00
7.29150e+03 1.00000e+00
7.29175e+03 1.00000e+00
7.29200e+03 1.00000e+00
7.29225e+03 1.00000e+00
7.29250e+03 1.00000e+00
7.29275e+03 1.00000e+00
7.29300e+03 1.00000e+00
7.29325e+03 1.00000e+00
7.29350e+03 1.00000e+00
7.29375e+03 1.00000e+00
7.29400e+03 1.00000e+00
7.29425e+03 1.00000e+00
7.29450e+03 1.00000e+00
7.29475e+03 1.00000e+00
7.29500e+03 1.00000e+00
7.29525e+03 1.00000e+00
7.29550e+03 1.00000e+00
7.29575e+03 1.00000e+00
7.29600e+03 1.00000e+00
7.29625e+03 1.00000e+00
7.29650e+03 1.00000e+00
7.29675e+03 1.00000e+00
7.29700e+03 1.00000e+00
7.29725e+03 1.00000e+00
7.29750e+03 1.00000e+00
7.29775e+03 1.00000e+00
7.29800e+03 1.00000e+00
7.29825e+03 1.00000e+00
7.29850e+03 1.00000e+00
7.29875e+03 1.00000e+00
7.29900e+03 1.00000e+00
7.29925e+03 1.00000e+00
7.29950e+03 1.00000e+00
7.29975e+03 1.00000e+00
7.30000e+03 1.00000e+00
7.30025e+03 1.00000e+00
7.30050e+03 1.00000e+00
7.30075e+03 1.00000e+00
7.30100e+03 1.00000e+00
7.30125e+03 1.00000e+00
7.30150e+03 1.00000e+00
7.30175e+03 1.00000e+00
7.30200e+03 1.00000e+00
7.30225e+03 1.00000e+00
7.30250e+03 1.00000e+00
7.30275e+03 1.00000e+00
7.30300e+03 1.00000e+00
7.30325e+03 1.00000e+00
7.30350e+03 1.00000e+00
7.30375e+03 1.00000e+00
7.30400e+03 1.00000e+00
7.30425e+03 1.00000e+00
7.30450e+03 1.00000e+00
7.30475e+03 1.00000e+00
7.30500e+03 1.00000e+00
7.30525e+03 1.00000e+00
7.30550e+03 1.00000e+00
7.30575e+03 1.00000e+00
7.30600e+03 1.00000e+00
7.30625e+03 1.00000e+00
7.30650e+03 1.00000e+00
7.30675e+03 1.00000e+00
7.30700e+03 1.00000e+00
7.30725e+03 1.00000e+00
7.30750e+03 1.00000e+00
7.30775e+03 1.00000e+00
7.30800e+03 1.00000e+00
7.30825e+03 1.00000e+00
7.30850e+03 1.00000e+00
7.30875e+03 1.00000e+00
7.30900e+03 1.00000e+00
7.30925e+03 1.00000e+00
7.30950e+03 1.00000e+00
7.30975e+03 1.00000e+00
7.31000e+03 1.00000e+00
7.31025e+03 1.00000e+00
7.31050e+03 1.00000e+00
7.31075e+03 1.00000e+00
7.31100e+03 1.00000e+00
7.31125e+03 1.00000e+00
7.31150e+03 1.00000e+00
7.31175e+03 1.00000e+00
7.31200e+03 1.00000e+00
7.31225e+03 1.00000e+00
7.31250e+03 1.00000e+00
7.31275e+03 1.00000e+00
7.31300e+03 1.00000e+00
7.31325e+03 1.00000e+00
7.31350e+03 1.00000e+00
7.31375e+03 1.00000e+00
7.31400e+03 1.00000e+00
7.31425e+03 1.00000e+00
7.31450e+03 1.00000e+00
7.31475e+03 1.00000e+00
7.31500e+03 1.00000e+00
7.31525e+03 1.00000e+00
7.31550e+03 1.00000e+00
7.31575e+03 1.00000e+00
7.31600e+03 1.00000e+00
7.31625e+03 1.00000e+00
7.31650e+03 1.00000e+00
7.31675e+03 1.00000e+00
7.31700e+03 1.00000e+00
7.31725e+03 1.00000e+00
7.31750e+03 1.00000e+00
7.31775e+03 1.00000e+00
7.31800e+03 1.00000e+00
7.31825e+03 1.00000e+00
7.31850e+03 1.00000e+00
7.31875e+03 1.00000e+00
7.31900e+03 1.00000e+00
7.31925e+03 1.00000e+00
7.31950e+03 1.00000e+00
7.31975e+03 1.00000e+00
7.32000e+03 1.00000e+00
7.32025e+03 1.00000e+00
7.32050e+03 1.00000e+00
7.32075e+03 1.00000e+00
7.32100e+03 1.00000e+00
7.32125e+03 1.00000e+00
7.32150e+03 1.00000e+00
7.32175e+03 1.00000e+00
7.32200e+03 1.00000e+00
7.32225e+03 1.00000e+00
7.32250e+03 1.00000e+00
7.32275e+03 1.00000e+00
7.32300e+03 1.00000e+00
7.32325e+03 1.00000e+00
7.32350e+03 1.00000e+00
7.32375e+03 1.00000e+00
7.32400e+03 1.00000e+00
7.32425e+03 1.00000e+00
7.32450e+03 1.00000e+00
7.32475e+03 1.00000e+00
7.32500e+03 1.00000e+00
7.32525e+03 1.00000e+00
7.32550e+03 1.00000e+00
7.32575e+03 1.00000e+00
7.32600e+03 1.00000e+00
7.32625e+03 1.00000e+00
7.32650e+03 1.00000e+00
7.32675e+03 1.00000e+00
7.32700e+03 1.00000e+00
7.32725e+03 1.00000e+00
7.32750e+03 1.00000e+00
7.32775e+03 1.00000e+00
7.32800e+03 1.00000e+00
7.32825e+03 1.00000e+00
7.32850e+03 1.00000e+00
7.32875e+03 1.00000e+00
7.32900e+03 1.00000e+00
7.32925e+03 1.00000e+00
7.32950e+03 1.00000e+00
7.32975e+03 1.00000e+00
7.33000e+03 1.00000e+00
7.33025e+03 1.00000e+00
7.33050e+03 1.00000e+00
7.33075e+03 1.00000e+00
7.33100e+03 1.00000e+00
7.33125e+03 1.00000e+00
7.33150e+03 1.00000e+00
7.33175e+03 1.00000e+00
7.33200e+03 1.00000e+00
7.33225e+03 1.00000e+00
7.33250e+03 1.00000e+00
7.33275e+03 1.00000e+00
7.33300e+03 1.00000e+00
7.33325e+03 1.00000e+00
7.33350e+03 1.00000e+00
7.33375e+03 1.00000e+00
7.33400e+03 1.00000e+00
7.33425e+03 1.00000e+00
7.33450e+03 1.00000e+00
7.33475e+03 1.00000e+00
7.33500e+03 1.00000e+00
7.33525e+03 1.00000e+00
7.33550e+03 1.00000e+00
7.33575e+03 1.00000e+00
7.33600e+03 1.00000e+00
7.33625e+03 1.00000e+00
7.33650e+03 1.00000e+00
7.33675e+03 1.00000e+00
7.33700e+03 1.00000e+00
7.33725e+03 1.00000e+00
7.33750e+03 1.00000e+00
7.33775e+03 1.00000e+00
7.33800e+03 1.00000e+00
7.33825e+03 1.00000e+00
7.33850e+03 1.00000e+00
7.33875e+03 1.00000e+00
7.33900e+03 1.00000e+00
7.33925e+03 1.00000e+00
7.33950e+03 1.00000e+00
7.33975e+03 1.00000e+00
7.34000e+03 1.00000e+00
7.34025e+03 1.00000e+00
7.34050e+03 1.00000e+00
7.34075e+03 1.00000e+00
7.34100e+03 1.00000e+00
7.34125e+03 1.00000e+00
7.34150e+03 1.00000e+00
7.34175e+03 1.00000e+00
7.34200e+03 1.00000e+00
7.34225e+03 1.00000e+00
7.34250e+03 1.00000e+00
7.34275e+03 1.00000e+00
7.34300e+03 1.00000e+00
7.34325e+03 1.00000e+00
7.34350e+03 1.00000e+00
7.34375e+03 1.00000e+00
7.34400e+03 1.00000e+00
7.34425e+03 1.00000e+00
7.34450e+03 1.00000e+00
7.34475e+03 1.00000e+00
7.34500e+03 1.00000e+00
7.34525e+03 1.00000e+00
7.34550e+03 1.00000e+00
7.34575e+03 1.00000e+00
7.34600e+03 1.00000e+00
7.34625e+03 1.00000e+00
7.34650e+03 1.00000e+00
7.34675e+03 1.00000e+00
7.34700e+03 1.00000e+00
7.34725e+03 1.00000e+00
7.34750e+03 1.00000e+00
7.34775e+03 1.00000e+00
7.34800e+03 1.00000e+00
7.34825e+03 1.00000e+00
7.34850e+03 1.00000e+00
7.34875e+03 1.00000e+00
7.34900e+03 1.00000e+00
7.34925e+03 1.00000e+00
7.34950e+03 1.00000e+00
7.34975e+03 1.00000e+00
7.35000e+03 1.00000e+00
7.35025e+03 1.00000e+00
7.35050e+03 1.00000e+00
7.35075e+03 1.00000e+00
7.35100e+03 1.00000e+00
7.35125e+03 1.00000e+00
7.35150e+03 1.00000e+00
7.35175e+03 1.00000e+00
7.35200e+03 1.00000e+00
7.35225e+03 1.00000e+00
7.35250e+03 1.00000e+00
7.35275e+03 1.00000e+00
7.35300e+03 1.00000e+00
7.35325e+03 1.00000e+00
7.35350e+03 1.00000e+00
7.35375e+03 1.00000e+00
7.35400e+03 1.00000e+00
7.35425e+03 1.00000e+00
7.35450e+03 1.00000e+00
7.35475e+03 1.00000e+00
7.35500e+03 1.00000e+00
7.35525e+03 1.00000e+00
7.35550e+03 1.00000e+00
7.35575e+03 1.00000e+00
7.35600e+03 1.00000e+00
7.35625e+03 1.00000e+00
7.35650e+03 1.00000e+00
7.35675e+03 1.00000e+00
7.35700e+03 1.00000e+00
7.35725e+03 1.00000e+00
7.35750e+03 1.00000e+00
7.35775e+03 1.00000e+00
7.35800e+03 1.00000e+00
7.35825e+03 1.00000e+00
7.35850e+03 1.00000e+00
7.35875e+03 1.00000e+00
7.35900e+03 1.00000e+00
7.35925e+03 1.00000e+00
7.35950e+03 1.00000e+00
7.35975e+03 1.00000e+00
7.36000e+03 1.00000e+00
7.36025e+03 1.00000e+00
7.36050e+03 1.00000e+00
7.36075e+03 1.00000e+00
7.36100e+03 1.00000e+00
7.36125e+03 1.00000e+00
7.36150e+03 1.00000e+00
7.36175e+03 1.00000e+00
7.36200e+03 1.00000e+00
7.36225e+03 1.00000e+00
7.36250e+03 1.00000e+00
7.36275e+03 1.00000e+00
7.36300e+03 1.00000e+00
7.36325e+03 1.00000e+00
7.36350e+03 1.00000e+00
7.36375e+03 1.00000e+00
7.36400e+03 1.00000e+00
7.36425e+03 1.00000e+00
7.36450e+03 1.00000e+00
7.36475e+03 1.00000e+00
7.36500e+03 1.00000e+00
7.36525e+03 1.00000e+00
7.36550e+03 1.00000e+00
7.36575e+03 1.00000e+00
7.36600e+03 1.00000e+00
7.36625e+03 1.00000e+00
7.36650e+03 1.00000e+00
7.36675e+03 1.00000e+00
7.36700e+03 1.00000e+00
7.36725e+03 1.00000e+00
7.36750e+03 1.00000e+00
7.36775e+03 1.00000e+00
7.36800e+03 1.00000e+00
7.36825e+03 1.00000e+00
7.36850e+03 1.00000e+00
7.36875e+03 1.00000e+00
7.36900e+03 1.00000e+00
7.36925e+03 1.00000e+00
7.36950e+03 1.00000e+00
7.36975e+03 1.00000e+00
7.37000e+03 1.00000e+00
7.37025e+03 1.00000e+00
7.37050e+03 1.00000e+00
7.37075e+03 1.00000e+00
7.37100e+03 1.00000e+00
7.37125e+03 1.00000e+00
7.37150e+03 1.00000e+00
7.37175e+03 1.00000e+00
7.37200e+03 1.00000e+00
7.37225e+03 1.00000e+00
7.37250e+03 1.00000e+00
7.37275e+03 1.00000e+00
7.37300e+03 1.00000e+00
7.37325e+03 1.00000e+00
7.37350e+03 1.00000e+00
7.37375e+03 1.00000e+00
7.37400e+03 1.00000e+00
7.37425e+03 1.00000e+00
7.37450e+03 1.00000e+00
7.37475e+03 1.00000e+00
7.37500e+03 1.00000e+00
7.37525e+03 1.00000e+00
7.37550e+03 1.00000e+00
7.37575e+03 1.00000e+00
7.37600e+03 1.00000e+00
7.37625e+03 1.00000e+00
7.37650e+03 1.00000e+00
7.37675e+03 1.00000e+00
7.37700e+03 1.00000e+00
7.37725e+03 1.00000e+00
7.37750e+03 1.00000e+00
7.37775e+03 1.00000e+00
7.37800e+03 1.00000e+00
7.37825e+03 1.00000e+00
7.37850e+03 1.00000e+00
7.37875e+03 1.00000e+00
7.37900e+03 1.00000e+00
7.37925e+03 1.00000e+00
7.37950e+03 1.00000e+00
7.37975e+03 1.00000e+00
7.38000e+03 1.00000e+00
7.38025e+03 1.00000e+00
7.38050e+03 1.00000e+00
7.38075e+03 1.00000e+00
7.38100e+03 1.00000e+00
7.38125e+03 1.00000e+00
7.38150e+03 1.00000e+00
7.38175e+03 1.00000e+00
7.38200e+03 1.00000e+00
7.38225e+03 1.00000e+00
7.38250e+03 1.00000e+00
7.38275e+03 1.00000e+00
7.38300e+03 1.00000e+00
7.38325e+03 1.00000e+00
7.38350e+03 1.00000e+00
7.38375e+03 1.00000e+00
7.38400e+03 1.00000e+00
7.38425e+03 1.00000e+00
7.38450e+03 1.00000e+00
7.38475e+03 1.00000e+00
7.38500e+03 1.00000e+00
7.38525e+03 1.00000e+00
7.38550e+03 1.00000e+00
7.38575e+03 1.00000e+00
7.38600e+03 1.00000e+00
7.38625e+03 1.00000e+00
7.38650e+03 1.00000e+00
7.38675e+03 1.00000e+00
7.38700e+03 1.00000e+00
7.38725e+03 1.00000e+00
7.38750e+03 1.00000e+00
7.38775e+03 1.00000e+00
7.38800e+03 1.00000e+00
7.38825e+03 1.00000e+00
7.38850e+03 1.00000e+00
7.38875e+03 1.00000e+00
7.38900e+03 1.00000e+00
7.38925e+03 1.00000e+00
7.38950e+03 1.00000e+00
7.38975e+03 1.00000e+00
7.39000e+03 1.00000e+00
7.39025e+03 1.00000e+00
7.39050e+03 1.00000e+00
7.39075e+03 1.00000e+00
7.39100e+03 1.00000e+00
7.39125e+03 1.00000e+00
7.39150e+03 1.00000e+00
7.39175e+03 1.00000e+00
7.39200e+03 1.00000e+00
7.39225e+03 1.00000e+00
7.39250e+03 1.00000e+00
7.39275e+03 1.00000e+00
7.39300e+03 1.00000e+00
7.39325e+03 1.00000e+00
7.39350e+03 1.00000e+00
7.39375e+03 1.00000e+00
7.39400e+03 1.00000e+00
7.39425e+03 1.00000e+00
7.39450e+03 1.00000e+00
7.39475e+03 1.00000e+00
7.39500e+03 1.00000e+00
7.39525e+03 1.00000e+00
7.39550e+03 1.00000e+00
7.39575e+03 1.00000e+00
7.39600e+03 1.00000e+00
7.39625e+03 1.00000e+00
7.39650e+03 1.00000e+00
7.39675e+03 1.00000e+00
7.39700e+03 1.00000e+00
7.39725e+03 1.00000e+00
7.39750e+03 1.00000e+00
7.39775e+03 1.00000e+00
7.39800e+03 1.00000e+00
7.39825e+03 1.00000e+00
7.39850e+03 1.00000e+00
7.39875e+03 1.00000e+00
7.39900e+03 1.00000e+00
7.39925e+03 1.00000e+00
7.39950e+03 1.00000e+00
7.39975e+03 1.00000e+00
7.40000e+03 1.00000e+00
7.40025e+03 1.00000e+00
7.40050e+03 1.00000e+00
7.40075e+03 1.00000e+00
7.40100e+03 1.00000e+00
7.40125e+03 1.00000e+00
7.40150e+03 1.00000e+00
7.40175e+03 1.00000e+00
7.40200e+03 1.00000e+00
7.40225e+03 1.00000e+00
7.40250e+03 1.00000e+00
7.40275e+03 1.00000e+00
7.40300e+03 1.00000e+00
7.40325e+03 1.00000e+00
7.40350e+03 1.00000e+00
7.40375e+03 1.00000e+00
7.40400e+03 1.00000e+00
7.40425e+03 1.00000e+00
7.40450e+03 1.00000e+00
7.40475e+03 1.00000e+00
7.40500e+03 1.00000e+00
7.40525e+03 1.00000e+00
7.40550e+03 1.00000e+00
7.40575e+03 1.00000e+00
7.40600e+03 1.00000e+00
7.40625e+03 1.00000e+00
7.40650e+03 1.00000e+00
7.40675e+03 1.00000e+00
7.40700e+03 1.00000e+00
7.40725e+03 1.00000e+00
7.40750e+03 1.00000e+00
7.40775e+03 1.00000e+00
7.40800e+03 1.00000e+00
7.40825e+03 1.00000e+00
7.40850e+03 1.00000e+00
7.40875e+03 1.00000e+00
7.40900e+03 1.00000e+00
7.40925e+03 1.00000e+00
7.40950e+03 1.00000e+00
7.40975e+03 1.00000e+00
7.41000e+03 1.00000e+00
7.41025e+03 1.00000e+00
7.41050e+03 1.00000e+00
7.41075e+03 1.00000e+00
7.41100e+03 1.00000e+00
7.41125e+03 1.00000e+00
7.41150e+03 1.00000e+00
7.41175e+03 1.00000e+00
7.41200e+03 1.00000e+00
7.41225e+03 1.00000e+00
7.41250e+03 1.00000e+00
7.41275e+03 1.00000e+00
7.41300e+03 1.00000e+00
7.41325e+03 1.00000e+00
7.41350e+03 1.00000e+00
7.41375e+03 1.00000e+00
7.41400e+03 1.00000e+00
7.41425e+03 1.00000e+00
7.41450e+03 1.00000e+00
7.41475e+03 1.00000e+00
7.41500e+03 1.00000e+00
7.41525e+03 1.00000e+00
7.41550e+03 1.00000e+00
7.41575e+03 1.00000e+00
7.41600e+03 1.00000e+00
7.41625e+03 1.00000e+00
7.41650e+03 1.00000e+00
7.41675e+03 1.00000e+00
7.41700e+03 1.00000e+00
7.41725e+03 1.00000e+00
7.41750e+03 1.00000e+00
7.41775e+03 1.00000e+00
7.41800e+03 1.00000e+00
7.41825e+03 1.00000e+00
7.41850e+03 1.00000e+00
7.41875e+03 1.00000e+00
7.41900e+03 1.00000e+00
7.41925e+03 1.00000e+00
7.41950e+03 1.00000e+00
7.41975e+03 1.00000e+00
7.42000e+03 1.00000e+00
7.42025e+03 1.00000e+00
7.42050e+03 1.00000e+00
7.42075e+03 1.00000e+00
7.42100e+03 1.00000e+00
7.42125e+03 1.00000e+00
7.42150e+03 1.00000e+00
7.42175e+03 1.00000e+00
7.42200e+03 1.00000e+00
7.42225e+03 1.00000e+00
7.42250e+03 1.00000e+00
7.42275e+03 1.00000e+00
7.42300e+03 1.00000e+00
7.42325e+03 1.00000e+00
7.42350e+03 1.00000e+00
7.42375e+03 1.00000e+00
7.42400e+03 1.00000e+00
7.42425e+03 1.00000e+00
7.42450e+03 1.00000e+00
7.42475e+03 1.00000e+00
7.42500e+03 1.00000e+00
7.42525e+03 1.00000e+00
7.42550e+03 1.00000e+00
7.42575e+03 1.00000e+00
7.42600e+03 1.00000e+00
7.42625e+03 1.00000e+00
7.42650e+03 1.00000e+00
7.42675e+03 1.00000e+00
7.42700e+03 1.00000e+00
7.42725e+03 1.00000e+00
7.42750e+03 1.00000e+00
7.42775e+03 1.00000e+00
7.42800e+03 1.00000e+00
7.42825e+03 1.00000e+00
7.42850e+03 1.00000e+00
7.42875e+03 1.00000e+00
7.42900e+03 1.00000e+00
7.42925e+03 1.00000e+00
7.42950e+03 1.00000e+00
7.42975e+03 1.00000e+00
7.43000e+03 1.00000e+00
7.43025e+03 1.00000e+00
7.43050e+03 1.00000e+00
7.43075e+03 1.00000e+00
7.43100e+03 1.00000e+00
7.43125e+03 1.00000e+00
7.43150e+03 1.00000e+00
7.43175e+03 1.00000e+00
7.43200e+03 1.00000e+00
7.43225e+03 1.00000e+00
7.43250e+03 1.00000e+00
7.43275e+03 1.00000e+00
7.43300e+03 1.00000e+00
7.43325e+03 1.00000e+00
7.43350e+03 1.00000e+00
7.43375e+03 1.00000e+00
7.43400e+03 1.00000e+00
7.43425e+03 1.00000e+00
7.43450e+03 1.00000e+00
7.43475e+03 1.00000e+00
7.43500e+03 1.00000e+00
7.43525e+03 1.00000e+00
7.43550e+03 1.00000e+00
7.43575e+03 1.00000e+00
7.43600e+03 1.00000e+00
7.43625e+03 1.00000e+00
7.43650e+03 1.00000e+00
7.43675e+03 1.00000e+00
7.43700e+03 1.00000e+00
7.43725e+03 1.00000e+00
7.43750e+03 1.00000e+00
7.43775e+03 1.00000e+00
7.43800e+03 1.00000e+00
7.43825e+03 1.00000e+00
7.43850e+03 1.00000e+00
7.43875e+03 1.00000e+00
7.43900e+03 1.00000e+00
7.43925e+03 1.00000e+00
7.43950e+03 1.00000e+00
7.43975e+03 1.00000e+00
7.44000e+03 1.00000e+00
7.44025e+03 1.00000e+00
7.44050e+03 1.00000e+00
7.44075e+03 1.00000e+00
7.44100e+03 1.00000e+00
7.44125e+03 1.00000e+00
7.44150e+03 1.00000e+00
7.44175e+03 1.00000e+00
7.44200e+03 1.00000e+00
7.44225e+03 1.00000e+00
7.44250e+03 1.00000e+00
7.44275e+03 1.00000e+00
7.44300e+03 1.00000e+00
7.44325e+03 1.00000e+00
7.44350e+03 1.00000e+00
7.44375e+03 1.00000e+00
7.44400e+03 1.00000e+00
7.44425e+03 1.00000e+00
7.44450e+03 1.00000e+00
7.44475e+03 1.00000e+00
7.44500e+03 1.00000e+00
7.44525e+03 1.00000e+00
7.44550e+03 1.00000e+00
7.44575e+03 1.00000e+00
7.44600e+03 1.00000e+00
7.44625e+03 1.00000e+00
7.44650e+03 1.00000e+00
7.44675e+03 1.00000e+00
7.44700e+03 1.00000e+00
7.44725e+03 1.00000e+00
7.44750e+03 1.00000e+00
7.44775e+03 1.00000e+00
7.44800e+03 1.00000e+00
7.44825e+03 1.00000e+00
7.44850e+03 1.00000e+00
7.44875e+03 1.00000e+00
7.44900e+03 1.00000e+00
7.44925e+03 1.00000e+00
7.44950e+03 1.00000e+00
7.44975e+03 1.00000e+00
7.45000e+03 1.00000e+00
7.45025e+03 1.00000e+00
7.45050e+03 1.00000e+00
7.45075e+03 1.00000e+00
7.45100e+03 1.00000e+00
7.45125e+03 1.00000e+00
7.45150e+03 1.00000e+00
7.45175e+03 1.00000e+00
7.45200e+03 1.00000e+00
7.45225e+03 1.00000e+00
7.45250e+03 1.00000e+00
7.45275e+03 1.00000e+00
7.45300e+03 1.00000e+00
7.45325e+03 1.00000e+00
7.45350e+03 1.00000e+00
7.45375e+03 1.00000e+00
7.45400e+03 1.00000e+00
7.45425e+03 1.00000e+00
7.45450e+03 1.00000e+00
7.45475e+03 1.00000e+00
7.45500e+03 1.00000e+00
7.45525e+03 1.00000e+00
7.45550e+03 1.00000e+00
7.45575e+03 1.00000e+00
7.45600e+03 1.00000e+00
7.45625e+03 1.00000e+00
7.45650e+03 1.00000e+00
7.45675e+03 1.00000e+00
7.45700e+03 1.00000e+00
7.45725e+03 1.00000e+00
7.45750e+03 1.00000e+00
7.45775e+03 1.00000e+00
7.45800e+03 1.00000e+00
7.45825e+03 1.00000e+00
7.45850e+03 1.00000e+00
7.45875e+03 1.00000e+00
7.45900e+03 1.00000e+00
7.45925e+03 1.00000e+00
7.45950e+03 1.00000e+00
7.45975e+03 1.00000e+00
7.46000e+03 1.00000e+00
7.46025e+03 1.00000e+00
7.46050e+03 1.00000e+00
7.46075e+03 1.00000e+00
7.46100e+03 1.00000e+00
7.46125e+03 1.00000e+00
7.46150e+03 1.00000e+00
7.46175e+03 1.00000e+00
7.46200e+03 1.00000e+00
7.46225e+03 1.00000e+00
7.46250e+03 1.00000e+00
7.46275e+03 1.00000e+00
7.46300e+03 1.00000e+00
7.46325e+03 1.00000e+00
7.46350e+03 1.00000e+00
7.46375e+03 1.00000e+00
7.46400e+03 1.00000e+00
7.46425e+03 1.00000e+00
7.46450e+03 1.00000e+00
7.46475e+03 1.00000e+00
7.46500e+03 1.00000e+00
7.46525e+03 1.00000e+00
7.46550e+03 1.00000e+00
7.46575e+03 1.00000e+00
7.46600e+03 1.00000e+00
7.46625e+03 1.00000e+00
7.46650e+03 1.00000e+00
7.46675e+03 1.00000e+00
7.46700e+03 1.00000e+00
7.46725e+03 1.00000e+00
7.46750e+03 1.00000e+00
7.46775e+03 1.00000e+00
7.46800e+03 1.00000e+00
7.46825e+03 1.00000e+00
7.46850e+03 1.00000e+00
7.46875e+03 1.00000e+00
7.46900e+03 1.00000e+00
7.46925e+03 1.00000e+00
7.46950e+03 1.00000e+00
7.46975e+03 1.00000e+00
7.47000e+03 1.00000e+00
7.47025e+03 1.00000e+00
7.47050e+03 1.00000e+00
7.47075e+03 1.00000e+00
7.47100e+03 1.00000e+00
7.47125e+03 1.00000e+00
7.47150e+03 1.00000e+00
7.47175e+03 1.00000e+00
7.47200e+03 1.00000e+00
7.47225e+03 1.00000e+00
7.47250e+03 1.00000e+00
7.47275e+03 1.00000e+00
7.47300e+03 1.00000e+00
7.47325e+03 1.00000e+00
7.47350e+03 1.00000e+00
7.47375e+03 1.00000e+00
7.47400e+03 1.00000e+00
7.47425e+03 1.00000e+00
7.47450e+03 1.00000e+00
7.47475e+03 1.00000e+00
7.47500e+03 1.00000e+00
7.47525e+03 1.00000e+00
7.47550e+03 1.00000e+00
7.47575e+03 1.00000e+00
7.47600e+03 1.00000e+00
7.47625e+03 1.00000e+00
7.47650e+03 1.00000e+00
7.47675e+03 1.00000e+00
7.47700e+03 1.00000e+00
7.47725e+03 1.00000e+00
7.47750e+03 1.00000e+00
7.47775e+03 1.00000e+00
7.47800e+03 1.00000e+00
7.47825e+03 1.00000e+00
7.47850e+03 1.00000e+00
7.47875e+03 1.00000e+00
7.47900e+03 1.00000e+00
7.47925e+03 1.00000e+00
7.47950e+03 1.00000e+00
7.47975e+03 1.00000e+00
7.48000e+03 1.00000e+00
7.48025e+03 1.00000e+00
7.48050e+03 1.00000e+00
7.48075e+03 1.00000e+00
7.48100e+03 1.00000e+00
7.48125e+03 1.00000e+00
7.48150e+03 1.00000e+00
7.48175e+03 1.00000e+00
7.48200e+03 1.00000e+00
7.48225e+03 1.00000e+00
7.48250e+03 1.00000e+00
7.48275e+03 1.00000e+00
7.48300e+03 1.00000e+00
7.48325e+03 1.00000e+00
7.48350e+03 1.00000e+00
7.48375e+03 1.00000e+00
7.48400e+03 1.00000e+00
7.48425e+03 1.00000e+00
7.48450e+03 1.00000e+00
7.48475e+03 1.00000e+00
7.48500e+03 1.00000e+00
7.48525e+03 1.00000e+00
7.48550e+03 1.00000e+00
7.48575e+03 1.00000e+00
7.48600e+03 1.00000e+00
7.48625e+03 1.00000e+00
7.48650e+03 1.00000e+00
7.48675e+03 1.00000e+00
7.48700e+03 1.00000e+00
7.48725e+03 1.00000e+00
7.48750e+03 1.00000e+00
7.48775e+03 1.00000e+00
7.48800e+03 1.00000e+00
7.48825e+03 1.00000e+00
7.48850e+03 1.00000e+00
7.48875e+03 1.00000e+00
7.48900e+03 1.00000e+00
7.48925e+03 1.00000e+00
7.48950e+03 1.00000e+00
7.48975e+03 1.00000e+00
7.49000e+03 1.00000e+00
7.49025e+03 1.00000e+00
7.49050e+03 1.00000e+00
7.49075e+03 1.00000e+00
7.49100e+03 1.00000e+00
7.49125e+03 1.00000e+00
7.49150e+03 1.00000e+00
7.49175e+03 1.00000e+00
7.49200e+03 1.00000e+00
7.49225e+03 1.00000e+00
7.49250e+03 1.00000e+00
7.49275e+03 1.00000e+00
7.49300e+03 1.00000e+00
7.49325e+03 1.00000e+00
7.49350e+03 1.00000e+00
7.49375e+03 1.00000e+00
7.49400e+03 1.00000e+00
7.49425e+03 1.00000e+00
7.49450e+03 1.00000e+00
7.49475e+03 1.00000e+00
7.49500e+03 1.00000e+00
7.49525e+03 1.00000e+00
7.49550e+03 1.00000e+00
7.49575e+03 1.00000e+00
7.49600e+03 1.00000e+00
7.49625e+03 1.00000e+00
7.49650e+03 1.00000e+00
7.49675e+03 1.00000e+00
7.49700e+03 1.00000e+00
7.49725e+03 1.00000e+00
7.49750e+03 1.00000e+00
7.49775e+03 1.00000e+00
7.49800e+03 1.00000e+00
7.49825e+03 1.00000e+00
7.49850e+03 1.00000e+00
7.49875e+03 1.00000e+00
7.49900e+03 1.00000e+00
7.49925e+03 1.00000e+00
7.49950e+03 1.00000e+00
7.49975e+03 1.00000e+00
7.50000e+03 1.00000e+00
7.50025e+03 1.00000e+00
7.50050e+03 1.00000e+00
7.50075e+03 1.00000e+00
7.50100e+03 1.00000e+00
7.50125e+03 1.00000e+00
7.50150e+03 1.00000e+00
7.50175e+03 1.00000e+00
7.50200e+03 1.00000e+00
7.50225e+03 1.00000e+00
7.50250e+03 1.00000e+00
7.50275e+03 1.00000e+00
7.50300e+03 1.00000e+00
7.50325e+03 1.00000e+00
7.50350e+03 1.00000e+00
7.50375e+03 1.00000e+00
7.50400e+03 1.00000e+00
7.50425e+03 1.00000e+00
7.50450e+03 1.00000e+00
7.50475e+03 1.00000e+00
7.50500e+03 1.00000e+00
7.50525e+03 1.00000e+00
7.50550e+03 1.00000e+00
7.50575e+03 1.00000e+00
7.50600e+03 1.00000e+00
7.50625e+03 1.00000e+00
7.50650e+03 1.00000e+00
7.50675e+03 1.00000e+00
7.50700e+03 1.00000e+00
7.50725e+03 1.00000e+00
7.50750e+03 1.00000e+00
7.50775e+03 1.00000e+00
7.50800e+03 1.00000e+00
7.50825e+03 1.00000e+00
7.50850e+03 1.00000e+00
7.50875e+03 1.00000e+00
7.50900e+03 1.00000e+00
7.50925e+03 1.00000e+00
7.50950e+03 1.00000e+00
7.50975e+03 1.00000e+00
7.51000e+03 1.00000e+00
7.51025e+03 1.00000e+00
7.51050e+03 1.00000e+00
7.51075e+03 1.00000e+00
7.51100e+03 1.00000e+00
7.51125e+03 1.00000e+00
7.51150e+03 1.00000e+00
7.51175e+03 1.00000e+00
7.51200e+03 1.00000e+00
7.51225e+03 1.00000e+00
7.51250e+03 1.00000e+00
7.51275e+03 1.00000e+00
7.51300e+03 1.00000e+00
7.51325e+03 1.00000e+00
7.51350e+03 1.00000e+00
7.51375e+03 1.00000e+00
7.51400e+03 1.00000e+00
7.51425e+03 1.00000e+00
7.51450e+03 1.00000e+00
7.51475e+03 1.00000e+00
7.51500e+03 1.00000e+00
7.51525e+03 1.00000e+00
7.51550e+03 1.00000e+00
7.51575e+03 1.00000e+00
7.51600e+03 1.00000e+00
7.51625e+03 1.00000e+00
7.51650e+03 1.00000e+00
7.51675e+03 1.00000e+00
7.51700e+03 1.00000e+00
7.51725e+03 1.00000e+00
7.51750e+03 1.00000e+00
7.51775e+03 1.00000e+00
7.51800e+03 1.00000e+00
7.51825e+03 1.00000e+00
7.51850e+03 1.00000e+00
7.51875e+03 1.00000e+00
7.51900e+03 1.00000e+00
7.51925e+03 1.00000e+00
7.51950e+03 1.00000e+00
7.51975e+03 1.00000e+00
7.52000e+03 1.00000e+00
7.52025e+03 1.00000e+00
7.52050e+03 1.00000e+00
7.52075e+03 1.00000e+00
7.52100e+03 1.00000e+00
7.52125e+03 1.00000e+00
7.52150e+03 1.00000e+00
7.52175e+03 1.00000e+00
7.52200e+03 1.00000e+00
7.52225e+03 1.00000e+00
7.52250e+03 1.00000e+00
7.52275e+03 1.00000e+00
7.52300e+03 1.00000e+00
7.52325e+03 1.00000e+00
7.52350e+03 1.00000e+00
7.52375e+03 1.00000e+00
7.52400e+03 1.00000e+00
7.52425e+03 1.00000e+00
7.52450e+03 1.00000e+00
7.52475e+03 1.00000e+00
7.52500e+03 1.00000e+00
7.52525e+03 1.00000e+00
7.52550e+03 1.00000e+00
7.52575e+03 1.00000e+00
7.52600e+03 1.00000e+00
7.52625e+03 1.00000e+00
7.52650e+03 1.00000e+00
7.52675e+03 1.00000e+00
7.52700e+03 1.00000e+00
7.52725e+03 1.00000e+00
7.52750e+03 1.00000e+00
7.52775e+03 1.00000e+00
7.52800e+03 1.00000e+00
7.52825e+03 1.00000e+00
7.52850e+03 1.00000e+00
7.52875e+03 1.00000e+00
7.52900e+03 1.00000e+00
7.52925e+03 1.00000e+00
7.52950e+03 1.00000e+00
7.52975e+03 1.00000e+00
7.53000e+03 1.00000e+00
7.53025e+03 1.00000e+00
7.53050e+03 1.00000e+00
7.53075e+03 1.00000e+00
7.53100e+03 1.00000e+00
7.53125e+03 1.00000e+00
7.53150e+03 1.00000e+00
7.53175e+03 1.00000e+00
7.53200e+03 1.00000e+00
7.53225e+03 1.00000e+00
7.53250e+03 1.00000e+00
7.53275e+03 1.00000e+00
7.53300e+03 1.00000e+00
7.53325e+03 1.00000e+00
7.53350e+03 1.00000e+00
7.53375e+03 1.00000e+00
7.53400e+03 1.00000e+00
7.53425e+03 1.00000e+00
7.53450e+03 1.00000e+00
7.53475e+03 1.00000e+00
7.53500e+03 1.00000e+00
7.53525e+03 1.00000e+00
7.53550e+03 1.00000e+00
7.53575e+03 1.00000e+00
7.53600e+03 1.00000e+00
7.53625e+03 1.00000e+00
7.53650e+03 1.00000e+00
7.53675e+03 1.00000e+00
7.53700e+03 1.00000e+00
7.53725e+03 1.00000e+00
7.53750e+03 1.00000e+00
7.53775e+03 1.00000e+00
7.53800e+03 1.00000e+00
7.53825e+03 1.00000e+00
7.53850e+03 1.00000e+00
7.53875e+03 1.00000e+00
7.53900e+03 1.00000e+00
7.53925e+03 1.00000e+00
7.53950e+03 1.00000e+00
7.53975e+03 1.00000e+00
7.54000e+03 1.00000e+00
7.54025e+03 1.00000e+00
7.54050e+03 1.00000e+00
7.54075e+03 1.00000e+00
7.54100e+03 1.00000e+00
7.54125e+03 1.00000e+00
7.54150e+03 1.00000e+00
7.54175e+03 1.00000e+00
7.54200e+03 1.00000e+00
7.54225e+03 1.00000e+00
7.54250e+03 1.00000e+00
7.54275e+03 1.00000e+00
7.54300e+03 1.00000e+00
7.54325e+03 1.00000e+00
7.54350e+03 1.00000e+00
7.54375e+03 1.00000e+00
7.54400e+03 1.00000e+00
7.54425e+03 1.00000e+00
7.54450e+03 1.00000e+00
7.54475e+03 1.00000e+00
7.54500e+03 1.00000e+00
7.54525e+03 1.00000e+00
7.54550e+03 1.00000e+00
7.54575e+03 1.00000e+00
7.54600e+03 1.00000e+00
7.54625e+03 1.00000e+00
7.54650e+03 1.00000e+00
7.54675e+03 1.00000e+00
7.54700e+03 1.00000e+00
7.54725e+03 1.00000e+00
7.54750e+03 1.00000e+00
7.54775e+03 1.00000e+00
7.54800e+03 1.00000e+00
7.54825e+03 1.00000e+00
7.54850e+03 1.00000e+00
7.54875e+03 1.00000e+00
7.54900e+03 1.00000e+00
7.54925e+03 1.00000e+00
7.54950e+03 1.00000e+00
7.54975e+03 1.00000e+00
7.55000e+03 1.00000e+00
7.55025e+03 1.00000e+00
7.55050e+03 1.00000e+00
7.55075e+03 1.00000e+00
7.55100e+03 1.00000e+00
7.55125e+03 1.00000e+00
7.55150e+03 1.00000e+00
7.55175e+03 1.00000e+00
7.55200e+03 1.00000e+00
7.55225e+03 1.00000e+00
7.55250e+03 1.00000e+00
7.55275e+03 1.00000e+00
7.55300e+03 1.00000e+00
7.55325e+03 1.00000e+00
7.55350e+03 1.00000e+00
7.55375e+03 1.00000e+00
7.55400e+03 1.00000e+00
7.55425e+03 1.00000e+00
7.55450e+03 1.00000e+00
7.55475e+03 1.00000e+00
7.55500e+03 1.00000e+00
7.55525e+03 1.00000e+00
7.55550e+03 1.00000e+00
7.55575e+03 1.00000e+00
7.55600e+03 1.00000e+00
7.55625e+03 1.00000e+00
7.55650e+03 1.00000e+00
7.55675e+03 1.00000e+00
7.55700e+03 1.00000e+00
7.55725e+03 1.00000e+00
7.55750e+03 1.00000e+00
7.55775e+03 1.00000e+00
7.55800e+03 1.00000e+00
7.55825e+03 1.00000e+00
7.55850e+03 1.00000e+00
7.55875e+03 1.00000e+00
7.55900e+03 1.00000e+00
7.55925e+03 1.00000e+00
7.55950e+03 1.00000e+00
7.55975e+03 1.00000e+00
7.56000e+03 1.00000e+00
7.56025e+03 1.00000e+00
7.56050e+03 1.00000e+00
7.56075e+03 1.00000e+00
7.56100e+03 1.00000e+00
7.56125e+03 1.00000e+00
7.56150e+03 1.00000e+00
7.56175e+03 1.00000e+00
7.56200e+03 1.00000e+00
7.56225e+03 1.00000e+00
7.56250e+03 1.00000e+00
7.56275e+03 1.00000e+00
7.56300e+03 1.00000e+00
7.56325e+03 1.00000e+00
7.56350e+03 1.00000e+00
7.56375e+03 1.00000e+00
7.56400e+03 1.00000e+00
7.56425e+03 1.00000e+00
7.56450e+03 1.00000e+00
7.56475e+03 1.00000e+00
7.56500e+03 1.00000e+00
7.56525e+03 1.00000e+00
7.56550e+03 1.00000e+00
7.56575e+03 1.00000e+00
7.56600e+03 1.00000e+00
7.56625e+03 1.00000e+00
7.56650e+03 1.00000e+00
7.56675e+03 1.00000e+00
7.56700e+03 1.00000e+00
7.56725e+03 1.00000e+00
7.56750e+03 1.00000e+00
7.56775e+03 1.00000e+00
7.56800e+03 1.00000e+00
7.56825e+03 1.00000e+00
7.56850e+03 1.00000e+00
7.56875e+03 1.00000e+00
7.56900e+03 1.00000e+00
7.56925e+03 1.00000e+00
7.56950e+03 1.00000e+00
7.56975e+03 1.00000e+00
7.57000e+03 1.00000e+00
7.57025e+03 1.00000e+00
7.57050e+03 1.00000e+00
7.57075e+03 1.00000e+00
7.57100e+03 1.00000e+00
7.57125e+03 1.00000e+00
7.57150e+03 1.00000e+00
7.57175e+03 1.00000e+00
7.57200e+03 1.00000e+00
7.57225e+03 1.00000e+00
7.57250e+03 1.00000e+00
7.57275e+03 1.00000e+00
7.57300e+03 1.00000e+00
7.57325e+03 1.00000e+00
7.57350e+03 1.00000e+00
7.57375e+03 1.00000e+00
7.57400e+03 1.00000e+00
7.57425e+03 1.00000e+00
7.57450e+03 1.00000e+00
7.57475e+03 1.00000e+00
7.57500e+03 1.00000e+00
7.57525e+03 1.00000e+00
7.57550e+03 1.00000e+00
7.57575e+03 1.00000e+00
7.57600e+03 1.00000e+00
7.57625e+03 1.00000e+00
7.57650e+03 1.00000e+00
7.57675e+03 1.00000e+00
7.57700e+03 1.00000e+00
7.57725e+03 1.00000e+00
7.57750e+03 1.00000e+00
7.57775e+03 1.00000e+00
7.57800e+03 1.00000e+00
7.57825e+03 1.00000e+00
7.57850e+03 1.00000e+00
7.57875e+03 1.00000e+00
7.57900e+03 1.00000e+00
7.57925e+03 1.00000e+00
7.57950e+03 1.00000e+00
7.57975e+03 1.00000e+00
7.58000e+03 1.00000e+00
7.58025e+03 1.00000e+00
7.58050e+03 1.00000e+00
7.58075e+03 1.00000e+00
7.58100e+03 1.00000e+00
7.58125e+03 1.00000e+00
7.58150e+03 1.00000e+00
7.58175e+03 1.00000e+00
7.58200e+03 1.00000e+00
7.58225e+03 1.00000e+00
7.58250e+03 1.00000e+00
7.58275e+03 1.00000e+00
7.58300e+03 1.00000e+00
7.58325e+03 1.00000e+00
7.58350e+03 1.00000e+00
7.58375e+03 1.00000e+00
7.58400e+03 1.00000e+00
7.58425e+03 1.00000e+00
7.58450e+03 1.00000e+00
7.58475e+03 1.00000e+00
7.58500e+03 1.00000e+00
7.58525e+03 1.00000e+00
7.58550e+03 1.00000e+00
7.58575e+03 1.00000e+00
7.58600e+03 1.00000e+00
7.58625e+03 1.00000e+00
7.58650e+03 1.00000e+00
7.58675e+03 1.00000e+00
7.58700e+03 1.00000e+00
7.58725e+03 1.00000e+00
7.58750e+03 1.00000e+00
7.58775e+03 1.00000e+00
7.58800e+03 1.00000e+00
7.58825e+03 1.00000e+00
7.58850e+03 1.00000e+00
7.58875e+03 1.00000e+00
7.58900e+03 1.00000e+00
7.58925e+03 1.00000e+00
7.58950e+03 1.00000e+00
7.58975e+03 1.00000e+00
7.59000e+03 1.00023e+00
7.59025e+03 9.97228e-01
7.59050e+03 1.00013e+00
7.59075e+03 1.00393e+00
7.59100e+03 1.00276e+00
7.59125e+03 1.00761e+00
7.59150e+03 1.01485e+00
7.59175e+03 1.01957e+00
7.59200e+03 1.02991e+00
7.59225e+03 1.06098e+00
7.59250e+03 1.11607e+00
7.59275e+03 1.17874e+00
7.59300e+03 1.24764e+00
7.59325e+03 1.31261e+00
7.59350e+03 1.38605e+00
7.59375e+03 1.46261e+00
7.59400e+03 1.52268e+00
7.59425e+03 1.56930e+00
7.59450e+03 1.63917e+00
7.59475e+03 1.72646e+00
7.59500e+03 1.79951e+00
7.59525e+03 1.81478e+00
7.59550e+03 1.78245e+00
7.59575e+03 1.75906e+00
7.59600e+03 1.75588e+00
7.59625e+03 1.72006e+00
7.59650e+03 1.65487e+00
7.59675e+03 1.59388e+00
7.59700e+03 1.60837e+00
7.59725e+03 1.67709e+00
7.59750e+03 1.76456e+00
7.59775e+03 1.83300e+00
7.59800e+03 1.85235e+00
7.59825e+03 1.84133e+00
7.59850e+03 1.86825e+00
7.59875e+03 1.95887e+00
7.59900e+03 2.10618e+00
7.59925e+03 2.25235e+00
7.59950e+03 2.31082e+00
7.59975e+03 2.26232e+00
7.60000e+03 2.20968e+00
7.60025e+03 2.17649e+00
7.60050e+03 2.18917e+00
7.60075e+03 2.30317e+00
7.60100e+03 2.48084e+00
7.60125e+03 2.59698e+00
7.60150e+03 2.56875e+00
7.60175e+03 2.43434e+00
7.60200e+03 2.34525e+00
7.60225e+03 2.31923e+00
7.60250e+03 2.32807e+00
7.60275e+03 2.41479e+00
7.60300e+03 2.59345e+00
7.60325e+03 2.72827e+00
7.60350e+03 2.69657e+00
7.60375e+03 2.56546e+00
7.60400e+03 2.47722e+00
7.60425e+03 2.44717e+00
7.60450e+03 2.42742e+00
7.60475e+03 2.38734e+00
7.60500e+03 2.36394e+00
7.60525e+03 2.44102e+00
7.60550e+03 2.51169e+00
7.60575e+03 2.50769e+00
7.60600e+03 2.46302e+00
7.60625e+03 2.45518e+00
7.60650e+03 2.47929e+00
7.60675e+03 2.43096e+00
7.60700e+03 2.28593e+00
7.60725e+03 2.19393e+00
7.60750e+03 2.12736e+00
7.60775e+03 2.11834e+00
7.60800e+03 2.15987e+00
7.60825e+03 2.21030e+00
7.60850e+03 2.24513e+00
7.60875e+03 2.31805e+00
7.60900e+03 2.40098e+00
7.60925e+03 2.37643e+00
7.60950e+03 2.21406e+00
7.60975e+03 2.01259e+00
7.61000e+03 1.85395e+00
7.61025e+03 1.75485e+00
7.61050e+03 1.73323e+00
7.61075e+03 1.78879e+00
7.61100e+03 1.87006e+00
7.61125e+03 1.95272e+00
7.61150e+03 2.03819e+00
7.61175e+03 2.09845e+00
7.61200e+03 2.05552e+00
7.61225e+03 1.90595e+00
7.61250e+03 1.73149e+00
7.61275e+03 1.56780e+00
7.61300e+03 1.45209e+00
7.61325e+03 1.39602e+00
7.61350e+03 1.40067e+00
7.61375e+03 1.46075e+00
7.61400e+03 1.54012e+00
7.61425e+03 1.59577e+00
7.61450e+03 1.64469e+00
7.61475e+03 1.66356e+00
7.61500e+03 1.61651e+00
7.61525e+03 1.51077e+00
7.61550e+03 1.39355e+00
7.61575e+03 1.28826e+00
7.61600e+03 1.19775e+00
7.61625e+03 1.12623e+00
7.61650e+03 1.07686e+00
7.61675e+03 1.04455e+00
7.61700e+03 1.02594e+00
7.61725e+03 1.02226e+00
7.61750e+03 1.02553e+00
7.61775e+03 1.02862e+00
7.61800e+03 1.02942e+00
7.61825e+03 1.03372e+00
7.61850e+03 1.04282e+00
7.61875e+03 1.05684e+00
7.61900e+03 1.08271e+00
7.61925e+03 1.13565e+00
7.61950e+03 1.22211e+00
7.61975e+03 1.33470e+00
7.62000e+03 1.43038e+00
7.62025e+03 1.46118e+00
7.62050e+03 1.42414e+00
7.62075e+03 1.35485e+00
7.62100e+03 1.26941e+00
7.62125e+03 1.21929e+00
7.62150e+03 1.22298e+00
7.62175e+03 1.28808e+00
7.62200e+03 1.41030e+00
7.62225e+03 1.55411e+00
7.62250e+03 1.66151e+00
7.62275e+03 1.77083e+00
7.62300e+03 1.88536e+00
7.62325e+03 1.93243e+00
7.62350e+03 1.90396e+00
7.62375e+03 1.79660e+00
7.62400e+03 1.63926e+00
7.62425e+03 1.48638e+00
7.62450e+03 1.34911e+00
7.62475e+03 1.24827e+00
7.62500e+03 1.20979e+00
7.62525e+03 1.24209e+00
7.62550e+03 1.34582e+00
7.62575e+03 1.50346e+00
7.62600e+03 1.67140e+00
7.62625e+03 1.84147e+00
7.62650e+03 1.98828e+00
7.62675e+03 2.10784e+00
7.62700e+03 2.16069e+00
7.62725e+03 2.08070e+00
7.62750e+03 1.89285e+00
7.62775e+03 1.69462e+00
7.62800e+03 1.50860e+00
7.62825e+03 1.34753e+00
7.62850e+03 1.24926e+00
7.62875e+03 1.19903e+00
7.62900e+03 1.19499e+00
7.62925e+03 1.25141e+00
7.62950e+03 1.38195e+00
7.62975e+03 1.54602e+00
7.63000e+03 1.72111e+00
7.63025e+03 1.88436e+00
7.63050e+03 2.04833e+00
7.63075e+03 2.18824e+00
7.63100e+03 2.20292e+00
7.63125e+03 2.04316e+00
7.63150e+03 1.86141e+00
7.63175e+03 1.65171e+00
7.63200e+03 1.45212e+00
7.63225e+03 1.31224e+00
7.63250e+03 1.22324e+00
7.63275e+03 1.16969e+00
7.63300e+03 1.15363e+00
7.63325e+03 1.17821e+00
7.63350e+03 1.25528e+00
7.63375e+03 1.38736e+00
7.63400e+03 1.55860e+00
7.63425e+03 1.73781e+00
7.63450e+03 1.89619e+00
7.63475e+03 2.03186e+00
7.63500e+03 2.17484e+00
7.63525e+03 2.14436e+00
7.63550e+03 1.95716e+00
7.63575e+03 1.73774e+00
7.63600e+03 1.53860e+00
7.63625e+03 1.37165e+00
7.63650e+03 1.24644e+00
7.63675e+03 1.16238e+00
7.63700e+03 1.12057e+00
7.63725e+03 1.10853e+00
7.63750e+03 1.12318e+00
7.63775e+03 1.17274e+00
7.63800e+03 1.27002e+00
7.63825e+03 1.41701e+00
7.63850e+03 1.57478e+00
7.63875e+03 1.71243e+00
7.63900e+03 1.86271e+00
7.63925e+03 1.99032e+00
7.63950e+03 2.02666e+00
7.63975e+03 1.94213e+00
7.64000e+03 1.77398e+00
7.64025e+03 1.56881e+00
7.64050e+03 1.38763e+00
7.64075e+03 1.25467e+00
7.64100e+03 1.16374e+00
7.64125e+03 1.11131e+00
7.64150e+03 1.08916e+00
7.64175e+03 1.08335e+00
7.64200e+03 1.09158e+00
7.64225e+03 1.11840e+00
7.64250e+03 1.17993e+00
7.64275e+03 1.28593e+00
7.64300e+03 1.42283e+00
7.64325e+03 1.55542e+00
7.64350e+03 1.66322e+00
7.64375e+03 1.78218e+00
7.64400e+03 1.83865e+00
7.64425e+03 1.78564e+00
7.64450e+03 1.67167e+00
7.64475e+03 1.53674e+00
7.64500e+03 1.39360e+00
7.64525e+03 1.25789e+00
7.64550e+03 1.15967e+00
7.64575e+03 1.09895e+00
7.64600e+03 1.07045e+00
7.64625e+03 1.05433e+00
7.64650e+03 1.04822e+00
7.64675e+03 1.05576e+00
7.64700e+03 1.07503e+00
7.64725e+03 1.11247e+00
7.64750e+03 1.19952e+00
7.64775e+03 1.29939e+00
7.64800e+03 1.40345e+00
7.64825e+03 1.50067e+00
7.64850e+03 1.57772e+00
7.64875e+03 1.62799e+00
7.64900e+03 1.63119e+00
7.64925e+03 1.55657e+00
7.64950e+03 1.45209e+00
7.64975e+03 1.33946e+00
7.65000e+03 1.23108e+00
7.65025e+03 1.14685e+00
7.65050e+03 1.09947e+00
7.65075e+03 1.06328e+00
7.65100e+03 1.04791e+00
7.65125e+03 1.04203e+00
7.65150e+03 1.04014e+00
7.65175e+03 1.04160e+00
7.65200e+03 1.04940e+00
7.65225e+03 1.07196e+00
7.65250e+03 1.13200e+00
7.65275e+03 1.20890e+00
7.65300e+03 1.28698e+00
7.65325e+03 1.35242e+00
7.65350e+03 1.41151e+00
7.65375e+03 1.46304e+00
7.65400e+03 1.47360e+00
7.65425e+03 1.42024e+00
7.65450e+03 1.34498e+00
7.65475e+03 1.27457e+00
7.65500e+03 1.19793e+00
7.65525e+03 1.12511e+00
7.65550e+03 1.07446e+00
7.65575e+03 1.05025e+00
7.65600e+03 1.03652e+00
7.65625e+03 1.03455e+00
7.65650e+03 1.04402e+00
7.65675e+03 1.05944e+00
7.65700e+03 1.07784e+00
7.65725e+03 1.09492e+00
7.65750e+03 1.10942e+00
7.65775e+03 1.14662e+00
7.65800e+03 1.20004e+00
7.65825e+03 1.23564e+00
7.65850e+03 1.26543e+00
7.65875e+03 1.28919e+00
7.65900e+03 1.31554e+00
7.65925e+03 1.36510e+00
7.65950e+03 1.37693e+00
7.65975e+03 1.25290e+00
7.66000e+03 1.18865e+00
7.66025e+03 1.14426e+00
7.66050e+03 1.09257e+00
7.66075e+03 1.04842e+00
7.66100e+03 1.02976e+00
7.66125e+03 1.02283e+00
7.66150e+03 1.01944e+00
7.66175e+03 1.00941e+00
7.66200e+03 1.00454e+00
7.66225e+03 1.01031e+00
7.66250e+03 1.01737e+00
7.66275e+03 1.01703e+00
7.66300e+03 1.03355e+00
7.66325e+03 1.06218e+00
7.66350e+03 1.10170e+00
7.66375e+03 1.14230e+00
7.66400e+03 1.17765e+00
7.66425e+03 1.20636e+00
7.66450e+03 1.22600e+00
7.66475e+03 1.22851e+00
7.66500e+03 1.22335e+00
7.66525e+03 1.18324e+00
7.66550e+03 1.14622e+00
7.66575e+03 1.11074e+00
7.66600e+03 1.06970e+00
7.66625e+03 1.03889e+00
7.66650e+03 1.02067e+00
7.66675e+03 1.01119e+00
7.66700e+03 1.00620e+00
7.66725e+03 1.00709e+00
7.66750e+03 1.01006e+00
7.66775e+03 1.01054e+00
7.66800e+03 1.00955e+00
7.66825e+03 1.01157e+00
7.66850e+03 1.01288e+00
7.66875e+03 1.02580e+00
7.66900e+03 1.05219e+00
7.66925e+03 1.08383e+00
7.66950e+03 1.11000e+00
7.66975e+03 1.12887e+00
7.67000e+03 1.15177e+00
7.67025e+03 1.16426e+00
7.67050e+03 1.15858e+00
7.67075e+03 1.14710e+00
7.67100e+03 1.12960e+00
7.67125e+03 1.10286e+00
7.67150e+03 1.07403e+00
7.67175e+03 1.05224e+00
7.67200e+03 1.03348e+00
7.67225e+03 1.02290e+00
7.67250e+03 1.01875e+00
7.67275e+03 1.01591e+00
7.67300e+03 1.01274e+00
7.67325e+03 1.01102e+00
7.67350e+03 1.00526e+00
7.67375e+03 1.00357e+00
7.67400e+03 1.00778e+00
7.67425e+03 1.01096e+00
7.67450e+03 1.01334e+00
7.67475e+03 1.02106e+00
7.67500e+03 1.03719e+00
7.67525e+03 1.05595e+00
7.67550e+03 1.07377e+00
7.67575e+03 1.08921e+00
7.67600e+03 1.09882e+00
7.67625e+03 1.10594e+00
7.67650e+03 1.11043e+00
7.67675e+03 1.10338e+00
7.67700e+03 1.08192e+00
7.67725e+03 1.06760e+00
7.67750e+03 1.04787e+00
7.67775e+03 1.02664e+00
7.67800e+03 1.01205e+00
7.67825e+03 1.00716e+00
7.67850e+03 1.00809e+00
7.67875e+03 1.01035e+00
7.67900e+03 1.00340e+00
7.67925e+03 1.00305e+00
7.67950e+03 1.00414e+00
7.67975e+03 1.00467e+00
7.68000e+03 1.00537e+00
7.68025e+03 1.00521e+00
7.68050e+03 1.00545e+00
7.68075e+03 1.00812e+00
7.68100e+03 1.01300e+00
7.68125e+03 1.02741e+00
7.68150e+03 1.04344e+00
7.68175e+03 1.05244e+00
7.68200e+03 1.06021e+00
7.68225e+03 1.07355e+00
7.68250e+03 1.08186e+00
7.68275e+03 1.08031e+00
7.68300e+03 1.06597e+00
7.68325e+03 1.05286e+00
7.68350e+03 1.04657e+00
7.68375e+03 1.03649e+00
7.68400e+03 1.02729e+00
7.68425e+03 1.01536e+00
7.68450e+03 1.01041e+00
7.68475e+03 1.00909e+00
7.68500e+03 1.01066e+00
7.68525e+03 1.01254e+00
7.68550e+03 1.00965e+00
7.68575e+03 1.00812e+00
7.68600e+03 1.01301e+00
7.68625e+03 1.01200e+00
7.68650e+03 1.00764e+00
7.68675e+03 1.00556e+00
7.68700e+03 1.00723e+00
7.68725e+03 1.00966e+00
7.68750e+03 1.01125e+00
7.68775e+03 1.01359e+00
7.68800e+03 1.02336e+00
7.68825e+03 1.03252e+00
7.68850e+03 1.03923e+00
7.68875e+03 1.04556e+00
7.68900e+03 1.04991e+00
7.68925e+03 1.04902e+00
7.68950e+03 1.03901e+00
7.68975e+03 1.03382e+00
7.69000e+03 1.03072e+00
7.69025e+03 1.02596e+00
7.69050e+03 1.02275e+00
7.69075e+03 1.02837e+00
7.69100e+03 1.04314e+00
7.69125e+03 1.04715e+00
7.69150e+03 1.04510e+00
7.69175e+03 1.03864e+00
7.69200e+03 1.02881e+00
7.69225e+03 1.01997e+00
7.69250e+03 1.01592e+00
7.69275e+03 1.00788e+00
7.69300e+03 1.00539e+00
7.69325e+03 1.00608e+00
7.69350e+03 1.00429e+00
7.69375e+03 1.00086e+00
7.69400e+03 9.99909e-01
7.69425e+03 1.00424e+00
7.69450e+03 1.01709e+00
7.69475e+03 1.01809e+00
7.69500e+03 1.01507e+00
7.69525e+03 1.01900e+00
7.69550e+03 1.02587e+00
7.69575e+03 1.02641e+00
7.69600e+03 1.02110e+00
7.69625e+03 1.02016e+00
7.69650e+03 1.01828e+00
7.69675e+03 1.01251e+00
7.69700e+03 1.01235e+00
7.69725e+03 1.01522e+00
7.69750e+03 1.01376e+00
7.69775e+03 1.00902e+00
7.69800e+03 1.01011e+00
7.69825e+03 1.00983e+00
7.69850e+03 1.00996e+00
7.69875e+03 1.00878e+00
7.69900e+03 1.00769e+00
7.69925e+03 1.00874e+00
7.69950e+03 1.01040e+00
7.69975e+03 1.00730e+00
7.70000e+03 1.00429e+00
7.70025e+03 1.00490e+00
7.70050e+03 1.00814e+00
7.70075e+03 1.01154e+00
7.70100e+03 1.01295e+00
7.70125e+03 1.01158e+00
7.70150e+03 1.00795e+00
7.70175e+03 1.01588e+00
7.70200e+03 1.02225e+00
7.70225e+03 1.02126e+00
7.70250e+03 1.01656e+00
7.70275e+03 1.01456e+00
7.70300e+03 1.01696e+00
7.70325e+03 1.01986e+00
7.70350e+03 1.01720e+00
7.70375e+03 1.01844e+00
7.70400e+03 1.01933e+00
7.70425e+03 1.01797e+00
7.70450e+03 1.01464e+00
7.70475e+03 1.00968e+00
7.70500e+03 1.00724e+00
7.70525e+03 1.00449e+00
7.70550e+03 1.00376e+00
7.70575e+03 1.00364e+00
7.70600e+03 1.00225e+00
7.70625e+03 1.00076e+00
7.70650e+03 1.00171e+00
7.70675e+03 1.00189e+00
7.70700e+03 1.00645e+00
7.70725e+03 1.01001e+00
7.70750e+03 1.00611e+00
7.70775e+03 1.00030e+00
7.70800e+03 1.00094e+00
7.70825e+03 1.00680e+00
7.70850e+03 1.00577e+00
7.70875e+03 1.00424e+00
7.70900e+03 1.00650e+00
7.70925e+03 1.00996e+00
7.70950e+03 1.01235e+00
7.70975e+03 1.01154e+00
7.71000e+03 1.00696e+00
7.71025e+03 1.00530e+00
7.71050e+03 1.01166e+00
7.71075e+03 1.01336e+00
7.71100e+03 1.01049e+00
7.71125e+03 1.00827e+00
7.71150e+03 1.00764e+00
7.71175e+03 1.00542e+00
7.71200e+03 1.00626e+00
7.71225e+03 1.00879e+00
7.71250e+03 1.00677e+00
7.71275e+03 1.00434e+00
7.71300e+03 1.00128e+00
7.71325e+03 9.98720e-01
7.71350e+03 1.00098e+00
7.71375e+03 1.00369e+00
7.71400e+03 9.96946e-01
7.71425e+03 9.94323e-01
7.71450e+03 1.00110e+00
7.71475e+03 1.00566e+00
7.71500e+03 1.00200e+00
7.71525e+03 1.00000e+00
7.71550e+03 1.00000e+00
7.71575e+03 1.00000e+00
7.71600e+03 1.00000e+00
7.71625e+03 1.00000e+00
7.71650e+03 1.00000e+00
7.71675e+03 1.00000e+00
7.71700e+03 1.00000e+00
7.71725e+03 1.00000e+00
7.71750e+03 1.00000e+00
7.71775e+03 1.00000e+00
7.71800e+03 1.00000e+00
7.71825e+03 1.00000e+00
7.71850e+03 1.00000e+00
7.71875e+03 1.00000e+00
7.71900e+03 1.00000e+00
7.71925e+03 1.00000e+00
7.71950e+03 1.00000e+00
7.71975e+03 1.00000e+00
7.72000e+03 1.00000e+00
7.72025e+03 1.00000e+00
7.72050e+03 1.00000e+00
7.72075e+03 1.00000e+00
7.72100e+03 1.00000e+00
7.72125e+03 1.00000e+00
7.72150e+03 1.00000e+00
7.72175e+03 1.00000e+00
7.72200e+03 1.00000e+00
7.72225e+03 1.00000e+00
7.72250e+03 1.00000e+00
7.72275e+03 1.00000e+00
7.72300e+03 1.00000e+00
7.72325e+03 1.00000e+00
7.72350e+03 1.00000e+00
7.72375e+03 1.00000e+00
7.72400e+03 1.00000e+00
7.72425e+03 1.00000e+00
7.72450e+03 1.00000e+00
7.72475e+03 1.00000e+00
7.72500e+03 1.00000e+00
7.72525e+03 1.00000e+00
7.72550e+03 1.00000e+00
7.72575e+03 1.00000e+00
7.72600e+03 1.00000e+00
7.72625e+03 1.00000e+00
7.72650e+03 1.00000e+00
7.72675e+03 1.00000e+00
7.72700e+03 1.00000e+00
7.72725e+03 1.00000e+00
7.72750e+03 1.00000e+00
7.72775e+03 1.00000e+00
7.72800e+03 1.00000e+00
7.72825e+03 1.00000e+00
7.72850e+03 1.00000e+00
7.72875e+03 1.00000e+00
7.72900e+03 1.00000e+00
7.72925e+03 1.00000e+00
7.72950e+03 1.00000e+00
7.72975e+03 1.00000e+00
7.73000e+03 1.00000e+00
7.73025e+03 1.00000e+00
7.73050e+03 1.00000e+00
7.73075e+03 1.00000e+00
7.73100e+03 1.00000e+00
7.73125e+03 1.00000e+00
7.73150e+03 1.00000e+00
7.73175e+03 1.00000e+00
7.73200e+03 1.00000e+00
7.73225e+03 1.00000e+00
7.73250e+03 1.00000e+00
7.73275e+03 1.00000e+00
7.73300e+03 1.00000e+00
7.73325e+03 1.00000e+00
7.73350e+03 1.00000e+00
7.73375e+03 1.00000e+00
7.73400e+03 1.00000e+00
7.73425e+03 1.00000e+00
7.73450e+03 1.00000e+00
7.73475e+03 1.00000e+00
7.73500e+03 1.00000e+00
7.73525e+03 1.00000e+00
7.73550e+03 1.00000e+00
7.73575e+03 1.00000e+00
7.73600e+03 1.00000e+00
7.73625e+03 1.00000e+00
7.73650e+03 1.00000e+00
7.73675e+03 1.00000e+00
7.73700e+03 1.00000e+00
7.73725e+03 1.00000e+00
7.73750e+03 1.00000e+00
7.73775e+03 1.00000e+00
7.73800e+03 1.00000e+00
7.73825e+03 1.00000e+00
7.73850e+03 1.00000e+00
7.73875e+03 1.00000e+00
7.73900e+03 1.00000e+00
7.73925e+03 1.00000e+00
7.73950e+03 1.00000e+00
7.73975e+03 1.00000e+00
7.74000e+03 1.00000e+00
7.74025e+03 1.00000e+00
7.74050e+03 1.00000e+00
7.74075e+03 1.00000e+00
7.74100e+03 1.00000e+00
7.74125e+03 1.00000e+00
7.74150e+03 1.00000e+00
7.74175e+03 1.00000e+00
7.74200e+03 1.00000e+00
7.74225e+03 1.00000e+00
7.74250e+03 1.00000e+00
7.74275e+03 1.00000e+00
7.74300e+03 1.00000e+00
7.74325e+03 1.00000e+00
7.74350e+03 1.00000e+00
7.74375e+03 1.00000e+00
7.74400e+03 1.00000e+00
7.74425e+03 1.00000e+00
7.74450e+03 1.00000e+00
7.74475e+03 1.00000e+00
7.74500e+03 1.00000e+00
7.74525e+03 1.00000e+00
7.74550e+03 1.00000e+00
7.74575e+03 1.00000e+00
7.74600e+03 1.00000e+00
7.74625e+03 1.00000e+00
7.74650e+03 1.00000e+00
7.74675e+03 1.00000e+00
7.74700e+03 1.00000e+00
7.74725e+03 1.00000e+00
7.74750e+03 1.00000e+00
7.74775e+03 1.00000e+00
7.74800e+03 1.00000e+00
7.74825e+03 1.00000e+00
7.74850e+03 1.00000e+00
7.74875e+03 1.00000e+00
7.74900e+03 1.00000e+00
7.74925e+03 1.00000e+00
7.74950e+03 1.00000e+00
7.74975e+03 1.00000e+00
7.75000e+03 1.00000e+00
7.75025e+03 1.00000e+00
7.75050e+03 1.00000e+00
7.75075e+03 1.00000e+00
7.75100e+03 1.00000e+00
7.75125e+03 1.00000e+00
7.75150e+03 1.00000e+00
7.75175e+03 1.00000e+00
7.75200e+03 1.00000e+00
7.75225e+03 1.00000e+00
7.75250e+03 1.00000e+00
7.75275e+03 1.00000e+00
7.75300e+03 1.00000e+00
7.75325e+03 1.00000e+00
7.75350e+03 1.00000e+00
7.75375e+03 1.00000e+00
7.75400e+03 1.00000e+00
7.75425e+03 1.00000e+00
7.75450e+03 1.00000e+00
7.75475e+03 1.00000e+00
7.75500e+03 1.00000e+00
7.75525e+03 1.00000e+00
7.75550e+03 1.00000e+00
7.75575e+03 1.00000e+00
7.75600e+03 1.00000e+00
7.75625e+03 1.00000e+00
7.75650e+03 1.00000e+00
7.75675e+03 1.00000e+00
7.75700e+03 1.00000e+00
7.75725e+03 1.00000e+00
7.75750e+03 1.00000e+00
7.75775e+03 1.00000e+00
7.75800e+03 1.00000e+00
7.75825e+03 1.00000e+00
7.75850e+03 1.00000e+00
7.75875e+03 1.00000e+00
7.75900e+03 1.00000e+00
7.75925e+03 1.00000e+00
7.75950e+03 1.00000e+00
7.75975e+03 1.00000e+00
7.76000e+03 1.00000e+00
7.76025e+03 1.00000e+00
7.76050e+03 1.00000e+00
7.76075e+03 1.00000e+00
7.76100e+03 1.00000e+00
7.76125e+03 1.00000e+00
7.76150e+03 1.00000e+00
7.76175e+03 1.00000e+00
7.76200e+03 1.00000e+00
7.76225e+03 1.00000e+00
7.76250e+03 1.00000e+00
7.76275e+03 1.00000e+00
7.76300e+03 1.00000e+00
7.76325e+03 1.00000e+00
7.76350e+03 1.00000e+00
7.76375e+03 1.00000e+00
7.76400e+03 1.00000e+00
7.76425e+03 1.00000e+00
7.76450e+03 1.00000e+00
7.76475e+03 1.00000e+00
7.76500e+03 1.00000e+00
7.76525e+03 1.00000e+00
7.76550e+03 1.00000e+00
7.76575e+03 1.00000e+00
7.76600e+03 1.00000e+00
7.76625e+03 1.00000e+00
7.76650e+03 1.00000e+00
7.76675e+03 1.00000e+00
7.76700e+03 1.00000e+00
7.76725e+03 1.00000e+00
7.76750e+03 1.00000e+00
7.76775e+03 1.00000e+00
7.76800e+03 1.00000e+00
7.76825e+03 1.00000e+00
7.76850e+03 1.00000e+00
7.76875e+03 1.00000e+00
7.76900e+03 1.00000e+00
7.76925e+03 1.00000e+00
7.76950e+03 1.00000e+00
7.76975e+03 1.00000e+00
7.77000e+03 1.00000e+00
7.77025e+03 1.00000e+00
7.77050e+03 1.00000e+00
7.77075e+03 1.00000e+00
7.77100e+03 1.00000e+00
7.77125e+03 1.00000e+00
7.77150e+03 1.00000e+00
7.77175e+03 1.00000e+00
7.77200e+03 1.00000e+00
7.77225e+03 1.00000e+00
7.77250e+03 1.00000e+00
7.77275e+03 1.00000e+00
7.77300e+03 1.00000e+00
7.77325e+03 1.00000e+00
7.77350e+03 1.00000e+00
7.77375e+03 1.00000e+00
7.77400e+03 1.00000e+00
7.77425e+03 1.00000e+00
7.77450e+03 1.00000e+00
7.77475e+03 1.00000e+00
7.77500e+03 1.00000e+00
7.77525e+03 1.00000e+00
7.77550e+03 1.00000e+00
7.77575e+03 1.00000e+00
7.77600e+03 1.00000e+00
7.77625e+03 1.00000e+00
7.77650e+03 1.00000e+00
7.77675e+03 1.00000e+00
7.77700e+03 1.00000e+00
7.77725e+03 1.00000e+00
7.77750e+03 1.00000e+00
7.77775e+03 1.00000e+00
7.77800e+03 1.00000e+00
7.77825e+03 1.00000e+00
7.77850e+03 1.00000e+00
7.77875e+03 1.00000e+00
7.77900e+03 1.00000e+00
7.77925e+03 1.00000e+00
7.77950e+03 1.00000e+00
7.77975e+03 1.00000e+00
7.78000e+03 1.00000e+00
7.78025e+03 1.00000e+00
7.78050e+03 1.00000e+00
7.78075e+03 1.00000e+00
7.78100e+03 1.00000e+00
7.78125e+03 1.00000e+00
7.78150e+03 1.00000e+00
7.78175e+03 1.00000e+00
7.78200e+03 1.00000e+00
7.78225e+03 1.00000e+00
7.78250e+03 1.00000e+00
7.78275e+03 1.00000e+00
7.78300e+03 1.00000e+00
7.78325e+03 1.00000e+00
7.78350e+03 1.00000e+00
7.78375e+03 1.00000e+00
7.78400e+03 1.00000e+00
7.78425e+03 1.00000e+00
7.78450e+03 1.00000e+00
7.78475e+03 1.00000e+00
7.78500e+03 1.00000e+00
7.78525e+03 1.00000e+00
7.78550e+03 1.00000e+00
7.78575e+03 1.00000e+00
7.78600e+03 1.00000e+00
7.78625e+03 1.00000e+00
7.78650e+03 1.00000e+00
7.78675e+03 1.00000e+00
7.78700e+03 1.00000e+00
7.78725e+03 1.00000e+00
7.78750e+03 1.00000e+00
7.78775e+03 1.00000e+00
7.78800e+03 1.00000e+00
7.78825e+03 1.00000e+00
7.78850e+03 1.00000e+00
7.78875e+03 1.00000e+00
7.78900e+03 1.00000e+00
7.78925e+03 1.00000e+00
7.78950e+03 1.00000e+00
7.78975e+03 1.00000e+00
7.79000e+03 1.00000e+00
7.79025e+03 1.00000e+00
7.79050e+03 1.00000e+00
7.79075e+03 1.00000e+00
7.79100e+03 1.00000e+00
7.79125e+03 1.00000e+00
7.79150e+03 1.00000e+00
7.79175e+03 1.00000e+00
7.79200e+03 1.00000e+00
7.79225e+03 1.00000e+00
7.79250e+03 1.00000e+00
7.79275e+03 1.00000e+00
7.79300e+03 1.00000e+00
7.79325e+03 1.00000e+00
7.79350e+03 1.00000e+00
7.79375e+03 1.00000e+00
7.79400e+03 1.00000e+00
7.79425e+03 1.00000e+00
7.79450e+03 1.00000e+00
7.79475e+03 1.00000e+00
7.79500e+03 1.00000e+00
7.79525e+03 1.00000e+00
7.79550e+03 1.00000e+00
7.79575e+03 1.00000e+00
7.79600e+03 1.00000e+00
7.79625e+03 1.00000e+00
7.79650e+03 1.00000e+00
7.79675e+03 1.00000e+00
7.79700e+03 1.00000e+00
7.79725e+03 1.00000e+00
7.79750e+03 1.00000e+00
7.79775e+03 1.00000e+00
7.79800e+03 1.00000e+00
7.79825e+03 1.00000e+00
7.79850e+03 1.00000e+00
7.79875e+03 1.00000e+00
7.79900e+03 1.00000e+00
7.79925e+03 1.00000e+00
7.79950e+03 1.00000e+00
7.79975e+03 1.00000e+00
7.80000e+03 1.00000e+00
7.80025e+03 1.00000e+00
7.80050e+03 1.00000e+00
7.80075e+03 1.00000e+00
7.80100e+03 1.00000e+00
7.80125e+03 1.00000e+00
7.80150e+03 1.00000e+00
7.80175e+03 1.00000e+00
7.80200e+03 1.00000e+00
7.80225e+03 1.00000e+00
7.80250e+03 1.00000e+00
7.80275e+03 1.00000e+00
7.80300e+03 1.00000e+00
7.80325e+03 1.00000e+00
7.80350e+03 1.00000e+00
7.80375e+03 1.00000e+00
7.80400e+03 1.00000e+00
7.80425e+03 1.00000e+00
7.80450e+03 1.00000e+00
7.80475e+03 1.00000e+00
7.80500e+03 1.00000e+00
7.80525e+03 1.00000e+00
7.80550e+03 1.00000e+00
7.80575e+03 1.00000e+00
7.80600e+03 1.00000e+00
7.80625e+03 1.00000e+00
7.80650e+03 1.00000e+00
7.80675e+03 1.00000e+00
7.80700e+03 1.00000e+00
7.80725e+03 1.00000e+00
7.80750e+03 1.00000e+00
7.80775e+03 1.00000e+00
7.80800e+03 1.00000e+00
7.80825e+03 1.00000e+00
7.80850e+03 1.00000e+00
7.80875e+03 1.00000e+00
7.80900e+03 1.00000e+00
7.80925e+03 1.00000e+00
7.80950e+03 1.00000e+00
7.80975e+03 1.00000e+00
7.81000e+03 1.00000e+00
7.81025e+03 1.00000e+00
7.81050e+03 1.00000e+00
7.81075e+03 1.00000e+00
7.81100e+03 1.00000e+00
7.81125e+03 1.00000e+00
7.81150e+03 1.00000e+00
7.81175e+03 1.00000e+00
7.81200e+03 1.00000e+00
7.81225e+03 1.00000e+00
7.81250e+03 1.00000e+00
7.81275e+03 1.00000e+00
7.81300e+03 1.00000e+00
7.81325e+03 1.00000e+00
7.81350e+03 1.00000e+00
7.81375e+03 1.00000e+00
7.81400e+03 1.00000e+00
7.81425e+03 1.00000e+00
7.81450e+03 1.00000e+00
7.81475e+03 1.00000e+00
7.81500e+03 1.00000e+00
7.81525e+03 1.00000e+00
7.81550e+03 1.00000e+00
7.81575e+03 1.00000e+00
7.81600e+03 1.00000e+00
7.81625e+03 1.00000e+00
7.81650e+03 1.00000e+00
7.81675e+03 1.00000e+00
7.81700e+03 1.00000e+00
7.81725e+03 1.00000e+00
7.81750e+03 1.00000e+00
7.81775e+03 1.00000e+00
7.81800e+03 1.00000e+00
7.81825e+03 1.00000e+00
7.81850e+03 1.00000e+00
7.81875e+03 1.00000e+00
7.81900e+03 1.00000e+00
7.81925e+03 1.00000e+00
7.81950e+03 1.00000e+00
7.81975e+03 1.00000e+00
7.82000e+03 1.00000e+00
7.82025e+03 1.00000e+00
7.82050e+03 1.00000e+00
7.82075e+03 1.00000e+00
7.82100e+03 1.00000e+00
7.82125e+03 1.00000e+00
7.82150e+03 1.00000e+00
7.82175e+03 1.00000e+00
7.82200e+03 1.00000e+00
7.82225e+03 1.00000e+00
7.82250e+03 1.00000e+00
7.82275e+03 1.00000e+00
7.82300e+03 1.00000e+00
7.82325e+03 1.00000e+00
7.82350e+03 1.00000e+00
7.82375e+03 1.00000e+00
7.82400e+03 1.00000e+00
7.82425e+03 1.00000e+00
7.82450e+03 1.00000e+00
7.82475e+03 1.00000e+00
7.82500e+03 1.00000e+00
7.82525e+03 1.00000e+00
7.82550e+03 1.00000e+00
7.82575e+03 1.00000e+00
7.82600e+03 1.00000e+00
7.82625e+03 1.00000e+00
7.82650e+03 1.00000e+00
7.82675e+03 1.00000e+00
7.82700e+03 1.00000e+00
7.82725e+03 1.00000e+00
7.82750e+03 1.00000e+00
7.82775e+03 1.00000e+00
7.82800e+03 1.00000e+00
7.82825e+03 1.00000e+00
7.82850e+03 1.00000e+00
7.82875e+03 1.00000e+00
7.82900e+03 1.00000e+00
7.82925e+03 1.00000e+00
7.82950e+03 1.00000e+00
7.82975e+03 1.00000e+00
7.83000e+03 1.00000e+00
7.83025e+03 1.00000e+00
7.83050e+03 1.00000e+00
7.83075e+03 1.00000e+00
7.83100e+03 1.00000e+00
7.83125e+03 1.00000e+00
7.83150e+03 1.00000e+00
7.83175e+03 1.00000e+00
7.83200e+03 1.00000e+00
7.83225e+03 1.00000e+00
7.83250e+03 1.00000e+00
7.83275e+03 1.00000e+00
7.83300e+03 1.00000e+00
7.83325e+03 1.00000e+00
7.83350e+03 1.00000e+00
7.83375e+03 1.00000e+00
7.83400e+03 1.00000e+00
7.83425e+03 1.00000e+00
7.83450e+03 1.00000e+00
7.83475e+03 1.00000e+00
7.83500e+03 1.00000e+00
7.83525e+03 1.00000e+00
7.83550e+03 1.00000e+00
7.83575e+03 1.00000e+00
7.83600e+03 1.00000e+00
7.83625e+03 1.00000e+00
7.83650e+03 1.00000e+00
7.83675e+03 1.00000e+00
7.83700e+03 1.00000e+00
7.83725e+03 1.00000e+00
7.83750e+03 1.00000e+00
7.83775e+03 1.00000e+00
7.83800e+03 1.00000e+00
7.83825e+03 1.00000e+00
7.83850e+03 1.00000e+00
7.83875e+03 1.00000e+00
7.83900e+03 1.00000e+00
7.83925e+03 1.00000e+00
7.83950e+03 1.00000e+00
7.83975e+03 1.00000e+00
7.84000e+03 1.00000e+00
7.84025e+03 1.00000e+00
7.84050e+03 1.00000e+00
7.84075e+03 1.00000e+00
7.84100e+03 1.00000e+00
7.84125e+03 1.00000e+00
7.84150e+03 1.00000e+00
7.84175e+03 1.00000e+00
7.84200e+03 1.00000e+00
7.84225e+03 1.00000e+00
7.84250e+03 1.00000e+00
7.84275e+03 1.00000e+00
7.84300e+03 1.00000e+00
7.84325e+03 1.00000e+00
7.84350e+03 1.00000e+00
7.84375e+03 1.00000e+00
7.84400e+03 1.00000e+00
7.84425e+03 1.00000e+00
7.84450e+03 1.00000e+00
7.84475e+03 1.00000e+00
7.84500e+03 1.00000e+00
7.84525e+03 1.00000e+00
7.84550e+03 1.00000e+00
7.84575e+03 1.00000e+00
7.84600e+03 1.00000e+00
7.84625e+03 1.00000e+00
7.84650e+03 1.00000e+00
7.84675e+03 1.00000e+00
7.84700e+03 1.00000e+00
7.84725e+03 1.00000e+00
7.84750e+03 1.00000e+00
7.84775e+03 1.00000e+00
7.84800e+03 1.00000e+00
7.84825e+03 1.00000e+00
7.84850e+03 1.00000e+00
7.84875e+03 1.00000e+00
7.84900e+03 1.00000e+00
7.84925e+03 1.00000e+00
7.84950e+03 1.00000e+00
7.84975e+03 1.00000e+00
7.85000e+03 1.00000e+00
7.85025e+03 1.00000e+00
7.85050e+03 1.00000e+00
7.85075e+03 1.00000e+00
7.85100e+03 1.00000e+00
7.85125e+03 1.00000e+00
7.85150e+03 1.00000e+00
7.85175e+03 1.00000e+00
7.85200e+03 1.00000e+00
7.85225e+03 1.00000e+00
7.85250e+03 1.00000e+00
7.85275e+03 1.00000e+00
7.85300e+03 1.00000e+00
7.85325e+03 1.00000e+00
7.85350e+03 1.00000e+00
7.85375e+03 1.00000e+00
7.85400e+03 1.00000e+00
7.85425e+03 1.00000e+00
7.85450e+03 1.00000e+00
7.85475e+03 1.00000e+00
7.85500e+03 1.00000e+00
7.85525e+03 1.00000e+00
7.85550e+03 1.00000e+00
7.85575e+03 1.00000e+00
7.85600e+03 1.00000e+00
7.85625e+03 1.00000e+00
7.85650e+03 1.00000e+00
7.85675e+03 1.00000e+00
7.85700e+03 1.00000e+00
7.85725e+03 1.00000e+00
7.85750e+03 1.00000e+00
7.85775e+03 1.00000e+00
7.85800e+03 1.00000e+00
7.85825e+03 1.00000e+00
7.85850e+03 1.00000e+00
7.85875e+03 1.00000e+00
7.85900e+03 1.00000e+00
7.85925e+03 1.00000e+00
7.85950e+03 1.00000e+00
7.85975e+03 1.00000e+00
7.86000e+03 1.00000e+00
7.86025e+03 1.00000e+00
7.86050e+03 1.00000e+00
7.86075e+03 1.00000e+00
7.86100e+03 1.00000e+00
7.86125e+03 1.00000e+00
7.86150e+03 1.00000e+00
7.86175e+03 1.00000e+00
7.86200e+03 1.00000e+00
7.86225e+03 1.00000e+00
7.86250e+03 1.00000e+00
7.86275e+03 1.00000e+00
7.86300e+03 1.00000e+00
7.86325e+03 1.00000e+00
7.86350e+03 1.00000e+00
7.86375e+03 1.00000e+00
7.86400e+03 1.00000e+00
7.86425e+03 1.00000e+00
7.86450e+03 1.00000e+00
7.86475e+03 1.00000e+00
7.86500e+03 1.00000e+00
7.86525e+03 1.00000e+00
7.86550e+03 1.00000e+00
7.86575e+03 1.00000e+00
7.86600e+03 1.00000e+00
7.86625e+03 1.00000e+00
7.86650e+03 1.00000e+00
7.86675e+03 1.00000e+00
7.86700e+03 1.00000e+00
7.86725e+03 1.00000e+00
7.86750e+03 1.00000e+00
7.86775e+03 1.00000e+00
7.86800e+03 1.00000e+00
7.86825e+03 1.00000e+00
7.86850e+03 1.00000e+00
7.86875e+03 1.00000e+00
7.86900e+03 1.00000e+00
7.86925e+03 1.00000e+00
7.86950e+03 1.00000e+00
7.86975e+03 1.00000e+00
7.87000e+03 1.00000e+00
7.87025e+03 1.00000e+00
7.87050e+03 1.00000e+00
7.87075e+03 1.00000e+00
7.87100e+03 1.00000e+00
7.87125e+03 1.00000e+00
7.87150e+03 1.00000e+00
7.87175e+03 1.00000e+00
7.87200e+03 1.00000e+00
7.87225e+03 1.00000e+00
7.87250e+03 1.00000e+00
7.87275e+03 1.00000e+00
7.87300e+03 1.00000e+00
7.87325e+03 1.00000e+00
7.87350e+03 1.00000e+00
7.87375e+03 1.00000e+00
7.87400e+03 1.00000e+00
7.87425e+03 1.00000e+00
7.87450e+03 1.00000e+00
7.87475e+03 1.00000e+00
7.87500e+03 1.00000e+00
7.87525e+03 1.00000e+00
7.87550e+03 1.00000e+00
7.87575e+03 1.00000e+00
7.87600e+03 1.00000e+00
7.87625e+03 1.00000e+00
7.87650e+03 1.00000e+00
7.87675e+03 1.00000e+00
7.87700e+03 1.00000e+00
7.87725e+03 1.00000e+00
7.87750e+03 1.00000e+00
7.87775e+03 1.00000e+00
7.87800e+03 1.00000e+00
7.87825e+03 1.00000e+00
7.87850e+03 1.00000e+00
7.87875e+03 1.00000e+00
7.87900e+03 1.00000e+00
7.87925e+03 1.00000e+00
7.87950e+03 1.00000e+00
7.87975e+03 1.00000e+00
7.88000e+03 1.00000e+00
7.88025e+03 1.00000e+00
7.88050e+03 1.00000e+00
7.88075e+03 1.00000e+00
7.88100e+03 1.00000e+00
7.88125e+03 1.00000e+00
7.88150e+03 1.00000e+00
7.88175e+03 1.00000e+00
7.88200e+03 1.00000e+00
7.88225e+03 1.00000e+00
7.88250e+03 1.00000e+00
7.88275e+03 1.00000e+00
7.88300e+03 1.00000e+00
7.88325e+03 1.00000e+00
7.88350e+03 1.00000e+00
7.88375e+03 1.00000e+00
7.88400e+03 1.00000e+00
7.88425e+03 1.00000e+00
7.88450e+03 1.00000e+00
7.88475e+03 1.00000e+00
7.88500e+03 1.00000e+00
7.88525e+03 1.00000e+00
7.88550e+03 1.00000e+00
7.88575e+03 1.00000e+00
7.88600e+03 1.00000e+00
7.88625e+03 1.00000e+00
7.88650e+03 1.00000e+00
7.88675e+03 1.00000e+00
7.88700e+03 1.00000e+00
7.88725e+03 1.00000e+00
7.88750e+03 1.00000e+00
7.88775e+03 1.00000e+00
7.88800e+03 1.00000e+00
7.88825e+03 1.00000e+00
7.88850e+03 1.00000e+00
7.88875e+03 1.00000e+00
7.88900e+03 1.00000e+00
7.88925e+03 1.00000e+00
7.88950e+03 1.00000e+00
7.88975e+03 1.00000e+00
7.89000e+03 1.00000e+00
7.89025e+03 1.00000e+00
7.89050e+03 1.00000e+00
7.89075e+03 1.00000e+00
7.89100e+03 1.00000e+00
7.89125e+03 1.00000e+00
7.89150e+03 1.00000e+00
7.89175e+03 1.00000e+00
7.89200e+03 1.00000e+00
7.89225e+03 1.00000e+00
7.89250e+03 1.00000e+00
7.89275e+03 1.00000e+00
7.89300e+03 1.00000e+00
7.89325e+03 1.00000e+00
7.89350e+03 1.00000e+00
7.89375e+03 1.00000e+00
7.89400e+03 1.00000e+00
7.89425e+03 1.00000e+00
7.89450e+03 1.00000e+00
7.89475e+03 1.00000e+00
7.89500e+03 1.00000e+00
7.89525e+03 1.00000e+00
7.89550e+03 1.00000e+00
7.89575e+03 1.00000e+00
7.89600e+03 1.00000e+00
7.89625e+03 1.00000e+00
7.89650e+03 1.00000e+00
7.89675e+03 1.00000e+00
7.89700e+03 1.00000e+00
7.89725e+03 1.00000e+00
7.89750e+03 1.00000e+00
7.89775e+03 1.00000e+00
7.89800e+03 1.00000e+00
7.89825e+03 1.00000e+00
7.89850e+03 1.00000e+00
7.89875e+03 1.00000e+00
7.89900e+03 1.00000e+00
7.89925e+03 1.00000e+00
7.89950e+03 1.00000e+00
7.89975e+03 1.00000e+00
7.90000e+03 1.00000e+00
7.90025e+03 1.00000e+00
7.90050e+03 1.00000e+00
7.90075e+03 1.00000e+00
7.90100e+03 1.00000e+00
7.90125e+03 1.00000e+00
7.90150e+03 1.00000e+00
7.90175e+03 1.00000e+00
7.90200e+03 1.00000e+00
7.90225e+03 1.00000e+00
7.90250e+03 1.00000e+00
7.90275e+03 1.00000e+00
7.90300e+03 1.00000e+00
7.90325e+03 1.00000e+00
7.90350e+03 1.00000e+00
7.90375e+03 1.00000e+00
7.90400e+03 1.00000e+00
7.90425e+03 1.00000e+00
7.90450e+03 1.00000e+00
7.90475e+03 1.00000e+00
7.90500e+03 1.00000e+00
7.90525e+03 1.00000e+00
7.90550e+03 1.00000e+00
7.90575e+03 1.00000e+00
7.90600e+03 1.00000e+00
7.90625e+03 1.00000e+00
7.90650e+03 1.00000e+00
7.90675e+03 1.00000e+00
7.90700e+03 1.00000e+00
7.90725e+03 1.00000e+00
7.90750e+03 1.00000e+00
7.90775e+03 1.00000e+00
7.90800e+03 1.00000e+00
7.90825e+03 1.00000e+00
7.90850e+03 1.00000e+00
7.90875e+03 1.00000e+00
7.90900e+03 1.00000e+00
7.90925e+03 1.00000e+00
7.90950e+03 1.00000e+00
7.90975e+03 1.00000e+00
7.91000e+03 1.00000e+00
7.91025e+03 1.00000e+00
7.91050e+03 1.00000e+00
7.91075e+03 1.00000e+00
7.91100e+03 1.00000e+00
7.91125e+03 1.00000e+00
7.91150e+03 1.00000e+00
7.91175e+03 1.00000e+00
7.91200e+03 1.00000e+00
7.91225e+03 1.00000e+00
7.91250e+03 1.00000e+00
7.91275e+03 1.00000e+00
7.91300e+03 1.00000e+00
7.91325e+03 1.00000e+00
7.91350e+03 1.00000e+00
7.91375e+03 1.00000e+00
7.91400e+03 1.00000e+00
7.91425e+03 1.00000e+00
7.91450e+03 1.00000e+00
7.91475e+03 1.00000e+00
7.91500e+03 1.00000e+00
7.91525e+03 1.00000e+00
7.91550e+03 1.00000e+00
7.91575e+03 1.00000e+00
7.91600e+03 1.00000e+00
7.91625e+03 1.00000e+00
7.91650e+03 1.00000e+00
7.91675e+03 1.00000e+00
7.91700e+03 1.00000e+00
7.91725e+03 1.00000e+00
7.91750e+03 1.00000e+00
7.91775e+03 1.00000e+00
7.91800e+03 1.00000e+00
7.91825e+03 1.00000e+00
7.91850e+03 1.00000e+00
7.91875e+03 1.00000e+00
7.91900e+03 1.00000e+00
7.91925e+03 1.00000e+00
7.91950e+03 1.00000e+00
7.91975e+03 1.00000e+00
7.92000e+03 1.00000e+00
7.92025e+03 1.00000e+00
7.92050e+03 1.00000e+00
7.92075e+03 1.00000e+00
7.92100e+03 1.00000e+00
7.92125e+03 1.00000e+00
7.92150e+03 1.00000e+00
7.92175e+03 1.00000e+00
7.92200e+03 1.00000e+00
7.92225e+03 1.00000e+00
7.92250e+03 1.00000e+00
7.92275e+03 1.00000e+00
7.92300e+03 1.00000e+00
7.92325e+03 1.00000e+00
7.92350e+03 1.00000e+00
7.92375e+03 1.00000e+00
7.92400e+03 1.00000e+00
7.92425e+03 1.00000e+00
7.92450e+03 1.00000e+00
7.92475e+03 1.00000e+00
7.92500e+03 1.00000e+00
7.92525e+03 1.00000e+00
7.92550e+03 1.00000e+00
7.92575e+03 1.00000e+00
7.92600e+03 1.00000e+00
7.92625e+03 1.00000e+00
7.92650e+03 1.00000e+00
7.92675e+03 1.00000e+00
7.92700e+03 1.00000e+00
7.92725e+03 1.00000e+00
7.92750e+03 1.00000e+00
7.92775e+03 1.00000e+00
7.92800e+03 1.00000e+00
7.92825e+03 1.00000e+00
7.92850e+03 1.00000e+00
7.92875e+03 1.00000e+00
7.92900e+03 1.00000e+00
7.92925e+03 1.00000e+00
7.92950e+03 1.00000e+00
7.92975e+03 1.00000e+00
7.93000e+03 1.00000e+00
7.93025e+03 1.00000e+00
7.93050e+03 1.00000e+00
7.93075e+03 1.00000e+00
7.93100e+03 1.00000e+00
7.93125e+03 1.00000e+00
7.93150e+03 1.00000e+00
7.93175e+03 1.00000e+00
7.93200e+03 1.00000e+00
7.93225e+03 1.00000e+00
7.93250e+03 1.00000e+00
7.93275e+03 1.00000e+00
7.93300e+03 1.00000e+00
7.93325e+03 1.00000e+00
7.93350e+03 1.00000e+00
7.93375e+03 1.00000e+00
7.93400e+03 1.00000e+00
7.93425e+03 1.00000e+00
7.93450e+03 1.00000e+00
7.93475e+03 1.00000e+00
7.93500e+03 1.00000e+00
7.93525e+03 1.00000e+00
7.93550e+03 1.00000e+00
7.93575e+03 1.00000e+00
7.93600e+03 1.00000e+00
7.93625e+03 1.00000e+00
7.93650e+03 1.00000e+00
7.93675e+03 1.00000e+00
7.93700e+03 1.00000e+00
7.93725e+03 1.00000e+00
7.93750e+03 1.00000e+00
7.93775e+03 1.00000e+00
7.93800e+03 1.00000e+00
7.93825e+03 1.00000e+00
7.93850e+03 1.00000e+00
7.93875e+03 1.00000e+00
7.93900e+03 1.00000e+00
7.93925e+03 1.00000e+00
7.93950e+03 1.00000e+00
7.93975e+03 1.00000e+00
7.94000e+03 1.00000e+00
7.94025e+03 1.00000e+00
7.94050e+03 1.00000e+00
7.94075e+03 1.00000e+00
7.94100e+03 1.00000e+00
7.94125e+03 1.00000e+00
7.94150e+03 1.00000e+00
7.94175e+03 1.00000e+00
7.94200e+03 1.00000e+00
7.94225e+03 1.00000e+00
7.94250e+03 1.00000e+00
7.94275e+03 1.00000e+00
7.94300e+03 1.00000e+00
7.94325e+03 1.00000e+00
7.94350e+03 1.00000e+00
7.94375e+03 1.00000e+00
7.94400e+03 1.00000e+00
7.94425e+03 1.00000e+00
7.94450e+03 1.00000e+00
7.94475e+03 1.00000e+00
7.94500e+03 1.00000e+00
7.94525e+03 1.00000e+00
7.94550e+03 1.00000e+00
7.94575e+03 1.00000e+00
7.94600e+03 1.00000e+00
7.94625e+03 1.00000e+00
7.94650e+03 1.00000e+00
7.94675e+03 1.00000e+00
7.94700e+03 1.00000e+00
7.94725e+03 1.00000e+00
7.94750e+03 1.00000e+00
7.94775e+03 1.00000e+00
7.94800e+03 1.00000e+00
7.94825e+03 1.00000e+00
7.94850e+03 1.00000e+00
7.94875e+03 1.00000e+00
7.94900e+03 1.00000e+00
7.94925e+03 1.00000e+00
7.94950e+03 1.00000e+00
7.94975e+03 1.00000e+00
7.95000e+03 1.00000e+00
7.95025e+03 1.00000e+00
7.95050e+03 1.00000e+00
7.95075e+03 1.00000e+00
7.95100e+03 1.00000e+00
7.95125e+03 1.00000e+00
7.95150e+03 1.00000e+00
7.95175e+03 1.00000e+00
7.95200e+03 1.00000e+00
7.95225e+03 1.00000e+00
7.95250e+03 1.00000e+00
7.95275e+03 1.00000e+00
7.95300e+03 1.00000e+00
7.95325e+03 1.00000e+00
7.95350e+03 1.00000e+00
7.95375e+03 1.00000e+00
7.95400e+03 1.00000e+00
7.95425e+03 1.00000e+00
7.95450e+03 1.00000e+00
7.95475e+03 1.00000e+00
7.95500e+03 1.00000e+00
7.95525e+03 1.00000e+00
7.95550e+03 1.00000e+00
7.95575e+03 1.00000e+00
7.95600e+03 1.00000e+00
7.95625e+03 1.00000e+00
7.95650e+03 1.00000e+00
7.95675e+03 1.00000e+00
7.95700e+03 1.00000e+00
7.95725e+03 1.00000e+00
7.95750e+03 1.00000e+00
7.95775e+03 1.00000e+00
7.95800e+03 1.00000e+00
7.95825e+03 1.00000e+00
7.95850e+03 1.00000e+00
7.95875e+03 1.00000e+00
7.95900e+03 1.00000e+00
7.95925e+03 1.00000e+00
7.95950e+03 1.00000e+00
7.95975e+03 1.00000e+00
7.96000e+03 1.00000e+00
7.96025e+03 1.00000e+00
7.96050e+03 1.00000e+00
7.96075e+03 1.00000e+00
7.96100e+03 1.00000e+00
7.96125e+03 1.00000e+00
7.96150e+03 1.00000e+00
7.96175e+03 1.00000e+00
7.96200e+03 1.00000e+00
7.96225e+03 1.00000e+00
7.96250e+03 1.00000e+00
7.96275e+03 1.00000e+00
7.96300e+03 1.00000e+00
7.96325e+03 1.00000e+00
7.96350e+03 1.00000e+00
7.96375e+03 1.00000e+00
7.96400e+03 1.00000e+00
7.96425e+03 1.00000e+00
7.96450e+03 1.00000e+00
7.96475e+03 1.00000e+00
7.96500e+03 1.00000e+00
7.96525e+03 1.00000e+00
7.96550e+03 1.00000e+00
7.96575e+03 1.00000e+00
7.96600e+03 1.00000e+00
7.96625e+03 1.00000e+00
7.96650e+03 1.00000e+00
7.96675e+03 1.00000e+00
7.96700e+03 1.00000e+00
7.96725e+03 1.00000e+00
7.96750e+03 1.00000e+00
7.96775e+03 1.00000e+00
7.96800e+03 1.00000e+00
7.96825e+03 1.00000e+00
7.96850e+03 1.00000e+00
7.96875e+03 1.00000e+00
7.96900e+03 1.00000e+00
7.96925e+03 1.00000e+00
7.96950e+03 1.00000e+00
7.96975e+03 1.00000e+00
7.97000e+03 1.00000e+00
7.97025e+03 1.00000e+00
7.97050e+03 1.00000e+00
7.97075e+03 1.00000e+00
7.97100e+03 1.00000e+00
7.97125e+03 1.00000e+00
7.97150e+03 1.00000e+00
7.97175e+03 1.00000e+00
7.97200e+03 1.00000e+00
7.97225e+03 1.00000e+00
7.97250e+03 1.00000e+00
7.97275e+03 1.00000e+00
7.97300e+03 1.00000e+00
7.97325e+03 1.00000e+00
7.97350e+03 1.00000e+00
7.97375e+03 1.00000e+00
7.97400e+03 1.00000e+00
7.97425e+03 1.00000e+00
7.97450e+03 1.00000e+00
7.97475e+03 1.00000e+00
7.97500e+03 1.00000e+00
7.97525e+03 1.00000e+00
7.97550e+03 1.00000e+00
7.97575e+03 1.00000e+00
7.97600e+03 1.00000e+00
7.97625e+03 1.00000e+00
7.97650e+03 1.00000e+00
7.97675e+03 1.00000e+00
7.97700e+03 1.00000e+00
7.97725e+03 1.00000e+00
7.97750e+03 1.00000e+00
7.97775e+03 1.00000e+00
7.97800e+03 1.00000e+00
7.97825e+03 1.00000e+00
7.97850e+03 1.00000e+00
7.97875e+03 1.00000e+00
7.97900e+03 1.00000e+00
7.97925e+03 1.00000e+00
7.97950e+03 1.00000e+00
7.97975e+03 1.00000e+00
7.98000e+03 1.00000e+00
7.98025e+03 1.00000e+00
7.98050e+03 1.00000e+00
7.98075e+03 1.00000e+00
7.98100e+03 1.00000e+00
7.98125e+03 1.00000e+00
7.98150e+03 1.00000e+00
7.98175e+03 1.00000e+00
7.98200e+03 1.00000e+00
7.98225e+03 1.00000e+00
7.98250e+03 1.00000e+00
7.98275e+03 1.00000e+00
7.98300e+03 1.00000e+00
7.98325e+03 1.00000e+00
7.98350e+03 1.00000e+00
7.98375e+03 1.00000e+00
7.98400e+03 1.00000e+00
7.98425e+03 1.00000e+00
7.98450e+03 1.00000e+00
7.98475e+03 1.00000e+00
7.98500e+03 1.00000e+00
7.98525e+03 1.00000e+00
7.98550e+03 1.00000e+00
7.98575e+03 1.00000e+00
7.98600e+03 1.00000e+00
7.98625e+03 1.00000e+00
7.98650e+03 1.00000e+00
7.98675e+03 1.00000e+00
7.98700e+03 1.00000e+00
7.98725e+03 1.00000e+00
7.98750e+03 1.00000e+00
7.98775e+03 1.00000e+00
7.98800e+03 1.00000e+00
7.98825e+03 1.00000e+00
7.98850e+03 1.00000e+00
7.98875e+03 1.00000e+00
7.98900e+03 1.00000e+00
7.98925e+03 1.00000e+00
7.98950e+03 1.00000e+00
7.98975e+03 1.00000e+00
7.99000e+03 1.00000e+00
7.99025e+03 1.00000e+00
7.99050e+03 1.00000e+00
7.99075e+03 1.00000e+00
7.99100e+03 1.00000e+00
7.99125e+03 1.00000e+00
7.99150e+03 1.00000e+00
7.99175e+03 1.00000e+00
7.99200e+03 1.00000e+00
7.99225e+03 1.00000e+00
7.99250e+03 1.00000e+00
7.99275e+03 1.00000e+00
7.99300e+03 1.00000e+00
7.99325e+03 1.00000e+00
7.99350e+03 1.00000e+00
7.99375e+03 1.00000e+00
7.99400e+03 1.00000e+00
7.99425e+03 1.00000e+00
7.99450e+03 1.00000e+00
7.99475e+03 1.00000e+00
7.99500e+03 1.00000e+00
7.99525e+03 1.00000e+00
7.99550e+03 1.00000e+00
7.99575e+03 1.00000e+00
7.99600e+03 1.00000e+00
7.99625e+03 1.00000e+00
7.99650e+03 1.00000e+00
7.99675e+03 1.00000e+00
7.99700e+03 1.00000e+00
7.99725e+03 1.00000e+00
7.99750e+03 1.00000e+00
7.99775e+03 1.00000e+00
7.99800e+03 1.00000e+00
7.99825e+03 1.00000e+00
7.99850e+03 1.00000e+00
7.99875e+03 1.00000e+00
7.99900e+03 1.00000e+00
7.99925e+03 1.00000e+00
7.99950e+03 1.00000e+00
7.99975e+03 1.00000e+00
8.00000e+03 1.00000e+00
