1206m1           12 06 29.81  +43 32 19.95 2000.0 rotdest=-64.00 rotmode=pa
1405m1           14 05 15.48  +09 59 30.93 2000.0 rotdest=-70.00 rotmode=pa
1405m2           14 05 15.54  +09 59 30.51 2000.0 rotdest=65.00 rotmode=pa
stdstar1206      11 56 47.00  -00 21 47.00 2000.0
stdstar1405      14 05 15.00  +09 59 00.00 2000.0
Feige66          12 37 23.6   +25 04 00.0  2000.0  vmag=10.50
HZ44             13 23 35.4   +36 08 00.0  2000.0  vmag=11.66
BD332642         15 51 59.9   +32 56 55.0  2000.0  vmag=10.81
1246+586         12 48 18.785 +58 20 28.71 2000.0
pg1323-086       13 25 50.000 -08 50 15.00 2000.0
SA107-600        15 39 12.000 -00 14 38.00 2000.0
PG1633+099-B     16 35 34.000 +09 47 07.00 2000.0
