B0128   01 31 13.493 +43 58 12.82
J0252   02 52 45.210 +00 39 58.41
HE0435  04 38 14.819 -12 17 14.88
B0445   04 48 22.036 +12 27 55.58
B0631   06 35 12.345 +51 57 01.36
B0712   07 16 03.643 +47 08 50.18
MG0751  07 51 41.505 +27 16 31.74
J0837   08 37 01.210 +08 01 17.90
J0901   09 01 21.250 +20 27 40.41
J0913   09 13 45.650 +42 37 30.80
B1933   19 34 30.938 +50 25 23.61
B1938   19 38 25.287 +66 48 53.01
B2045   20 47 20.343 +26 44 02.05
J2228   22 28 40.80  -00 18 17.0
J002927  00 29 27.3883 +25 44 01.7862
J074249  07 42 49.6857 +33 41 48.9890
J075523  07 55 23.5254 +34 45 39.5920
J091859  09 18 59.2126 +51 04 52.5934
J224505  22 45 05.900  +00 40 18.351
J234248  23 42 48.6841 -01 20 32.5351
