0047m1           00 50 29.994 -17 37 46.48 2000.0
0047m2           00 50 25.861 -17 37 36.06 2000.0
0047m3           00 50 42.603 -17 39 06.56 2000.0
0047m4           00 50 16.976 -17 41 29.16 2000.0
0246m1           02 46 35.145 -08 23 22.88 2000.0
0246m2           02 46 34.785 -08 23 20.16 2000.0
0246m3           02 46 33.546 -08 27 10.38 2000.0
0246m4           02 46 40.398 -08 25 46.93 2000.0
G191B2B          05 05 30.6   +52 49 54.0  2000.0  vmag=11.78
Feige34          10 39 36.7   +43 06 10.0  2000.0  vmag=11.18
BD284211         21 51 11.1   +28 51 52.0  2000.0  vmag=10.51
Feige 110        23 19 58.4   -05 09 56.0  2000.0  vmag=11.82
