5.8070e+03  1.0000e+00
5.8077e+03  1.0000e+00
5.8085e+03  1.0000e+00
5.8092e+03  1.0000e+00
5.8100e+03  1.0000e+00
5.8107e+03  1.0000e+00
5.8114e+03  1.0000e+00
5.8122e+03  1.0000e+00
5.8129e+03  1.0000e+00
5.8137e+03  1.0000e+00
5.8144e+03  1.0000e+00
5.8152e+03  1.0000e+00
5.8159e+03  1.0000e+00
5.8166e+03  1.0000e+00
5.8174e+03  1.0000e+00
5.8181e+03  1.0000e+00
5.8189e+03  1.0000e+00
5.8196e+03  1.0000e+00
5.8203e+03  1.0000e+00
5.8211e+03  1.0000e+00
5.8218e+03  1.0000e+00
5.8226e+03  1.0000e+00
5.8233e+03  1.0000e+00
5.8241e+03  1.0000e+00
5.8248e+03  1.0000e+00
5.8256e+03  1.0000e+00
5.8263e+03  1.0000e+00
5.8270e+03  1.0000e+00
5.8278e+03  1.0000e+00
5.8285e+03  1.0000e+00
5.8293e+03  1.0000e+00
5.8300e+03  1.0000e+00
5.8308e+03  1.0000e+00
5.8315e+03  1.0000e+00
5.8322e+03  1.0000e+00
5.8330e+03  1.0000e+00
5.8337e+03  1.0000e+00
5.8345e+03  1.0000e+00
5.8352e+03  1.0000e+00
5.8360e+03  1.0000e+00
5.8367e+03  1.0000e+00
5.8375e+03  1.0000e+00
5.8382e+03  1.0000e+00
5.8389e+03  1.0000e+00
5.8397e+03  1.0000e+00
5.8404e+03  1.0000e+00
5.8412e+03  1.0000e+00
5.8419e+03  1.0000e+00
5.8427e+03  1.0000e+00
5.8434e+03  1.0000e+00
5.8442e+03  1.0000e+00
5.8449e+03  1.0000e+00
5.8457e+03  1.0000e+00
5.8464e+03  1.0000e+00
5.8471e+03  1.0000e+00
5.8479e+03  1.0000e+00
5.8486e+03  1.0000e+00
5.8494e+03  1.0000e+00
5.8501e+03  1.0000e+00
5.8509e+03  1.0000e+00
5.8516e+03  1.0000e+00
5.8524e+03  1.0000e+00
5.8531e+03  1.0000e+00
5.8539e+03  1.0000e+00
5.8546e+03  1.0000e+00
5.8554e+03  1.0000e+00
5.8561e+03  1.0000e+00
5.8568e+03  1.0000e+00
5.8576e+03  1.0000e+00
5.8583e+03  1.0000e+00
5.8591e+03  1.0000e+00
5.8598e+03  1.0000e+00
5.8606e+03  1.0000e+00
5.8613e+03  1.0000e+00
5.8621e+03  1.0000e+00
5.8628e+03  1.0000e+00
5.8636e+03  1.0000e+00
5.8643e+03  1.0000e+00
5.8651e+03  1.0000e+00
5.8658e+03  1.0000e+00
5.8666e+03  1.0000e+00
5.8673e+03  1.0000e+00
5.8681e+03  1.0000e+00
5.8688e+03  1.0000e+00
5.8696e+03  1.0000e+00
5.8703e+03  1.0000e+00
5.8711e+03  1.0000e+00
5.8718e+03  1.0000e+00
5.8726e+03  1.0000e+00
5.8733e+03  1.0000e+00
5.8741e+03  1.0000e+00
5.8748e+03  1.0000e+00
5.8756e+03  1.0000e+00
5.8763e+03  1.0000e+00
5.8771e+03  1.0000e+00
5.8778e+03  1.0000e+00
5.8786e+03  1.0000e+00
5.8793e+03  1.0000e+00
5.8801e+03  1.0000e+00
5.8808e+03  1.0000e+00
5.8816e+03  1.0000e+00
5.8823e+03  1.0000e+00
5.8831e+03  1.0000e+00
5.8838e+03  1.0000e+00
5.8846e+03  1.0000e+00
5.8853e+03  1.0000e+00
5.8861e+03  1.0000e+00
5.8868e+03  1.0000e+00
5.8876e+03  1.0000e+00
5.8883e+03  1.0000e+00
5.8891e+03  1.0000e+00
5.8898e+03  1.0000e+00
5.8906e+03  1.0000e+00
5.8913e+03  1.0000e+00
5.8921e+03  1.0000e+00
5.8928e+03  1.0000e+00
5.8936e+03  1.0000e+00
5.8943e+03  1.0000e+00
5.8951e+03  1.0000e+00
5.8958e+03  1.0000e+00
5.8966e+03  1.0000e+00
5.8973e+03  1.0000e+00
5.8981e+03  1.0000e+00
5.8988e+03  1.0000e+00
5.8996e+03  1.0000e+00
5.9004e+03  1.0000e+00
5.9011e+03  1.0000e+00
5.9019e+03  1.0000e+00
5.9026e+03  1.0000e+00
5.9034e+03  1.0000e+00
5.9041e+03  1.0000e+00
5.9049e+03  1.0000e+00
5.9056e+03  1.0000e+00
5.9064e+03  1.0000e+00
5.9071e+03  1.0000e+00
5.9079e+03  1.0000e+00
5.9086e+03  1.0000e+00
5.9094e+03  1.0000e+00
5.9101e+03  1.0000e+00
5.9109e+03  1.0000e+00
5.9117e+03  1.0000e+00
5.9124e+03  1.0000e+00
5.9132e+03  1.0000e+00
5.9139e+03  1.0000e+00
5.9147e+03  1.0000e+00
5.9154e+03  1.0000e+00
5.9162e+03  1.0000e+00
5.9169e+03  1.0000e+00
5.9177e+03  1.0000e+00
5.9184e+03  1.0000e+00
5.9192e+03  1.0000e+00
5.9199e+03  1.0000e+00
5.9207e+03  1.0000e+00
5.9215e+03  1.0000e+00
5.9222e+03  1.0000e+00
5.9230e+03  1.0000e+00
5.9237e+03  1.0000e+00
5.9245e+03  1.0000e+00
5.9252e+03  1.0000e+00
5.9260e+03  1.0000e+00
5.9268e+03  1.0000e+00
5.9275e+03  1.0000e+00
5.9283e+03  1.0000e+00
5.9290e+03  1.0000e+00
5.9298e+03  1.0000e+00
5.9305e+03  1.0000e+00
5.9313e+03  1.0000e+00
5.9321e+03  1.0000e+00
5.9328e+03  1.0000e+00
5.9336e+03  1.0000e+00
5.9343e+03  1.0000e+00
5.9351e+03  1.0000e+00
5.9358e+03  1.0000e+00
5.9366e+03  1.0000e+00
5.9373e+03  1.0000e+00
5.9381e+03  1.0000e+00
5.9389e+03  1.0000e+00
5.9396e+03  1.0000e+00
5.9404e+03  1.0000e+00
5.9411e+03  1.0000e+00
5.9419e+03  1.0000e+00
5.9427e+03  1.0000e+00
5.9434e+03  1.0000e+00
5.9442e+03  1.0000e+00
5.9449e+03  1.0000e+00
5.9457e+03  1.0000e+00
5.9465e+03  1.0000e+00
5.9472e+03  1.0000e+00
5.9480e+03  1.0000e+00
5.9487e+03  1.0000e+00
5.9495e+03  1.0000e+00
5.9502e+03  1.0000e+00
5.9510e+03  1.0000e+00
5.9518e+03  1.0000e+00
5.9525e+03  1.0000e+00
5.9533e+03  1.0000e+00
5.9540e+03  1.0000e+00
5.9548e+03  1.0000e+00
5.9556e+03  1.0000e+00
5.9563e+03  1.0000e+00
5.9571e+03  1.0000e+00
5.9578e+03  1.0000e+00
5.9586e+03  1.0000e+00
5.9594e+03  1.0000e+00
5.9601e+03  1.0000e+00
5.9609e+03  1.0000e+00
5.9616e+03  1.0000e+00
5.9624e+03  1.0000e+00
5.9632e+03  1.0000e+00
5.9639e+03  1.0000e+00
5.9647e+03  1.0000e+00
5.9654e+03  1.0000e+00
5.9662e+03  1.0000e+00
5.9670e+03  1.0000e+00
5.9677e+03  1.0000e+00
5.9685e+03  1.0000e+00
5.9693e+03  1.0000e+00
5.9700e+03  1.0000e+00
5.9708e+03  1.0000e+00
5.9715e+03  1.0000e+00
5.9723e+03  1.0000e+00
5.9730e+03  1.0000e+00
5.9738e+03  1.0000e+00
5.9746e+03  1.0000e+00
5.9753e+03  1.0000e+00
5.9761e+03  1.0000e+00
5.9769e+03  1.0000e+00
5.9776e+03  1.0000e+00
5.9784e+03  1.0000e+00
5.9792e+03  1.0000e+00
5.9799e+03  1.0000e+00
5.9807e+03  1.0000e+00
5.9814e+03  1.0000e+00
5.9822e+03  1.0000e+00
5.9830e+03  1.0000e+00
5.9837e+03  1.0000e+00
5.9845e+03  1.0000e+00
5.9853e+03  1.0000e+00
5.9860e+03  1.0000e+00
5.9868e+03  1.0000e+00
5.9876e+03  1.0000e+00
5.9883e+03  1.0000e+00
5.9891e+03  1.0000e+00
5.9899e+03  1.0000e+00
5.9906e+03  1.0000e+00
5.9914e+03  1.0000e+00
5.9921e+03  1.0000e+00
5.9929e+03  1.0000e+00
5.9937e+03  1.0000e+00
5.9944e+03  1.0000e+00
5.9952e+03  1.0000e+00
5.9960e+03  1.0000e+00
5.9967e+03  1.0000e+00
5.9975e+03  1.0000e+00
5.9983e+03  1.0000e+00
5.9990e+03  1.0000e+00
5.9998e+03  1.0000e+00
6.0005e+03  1.0000e+00
6.0013e+03  1.0000e+00
6.0021e+03  1.0000e+00
6.0029e+03  1.0000e+00
6.0036e+03  1.0000e+00
6.0044e+03  1.0000e+00
6.0052e+03  1.0000e+00
6.0059e+03  1.0000e+00
6.0067e+03  1.0000e+00
6.0074e+03  1.0000e+00
6.0082e+03  1.0000e+00
6.0090e+03  1.0000e+00
6.0097e+03  1.0000e+00
6.0105e+03  1.0000e+00
6.0113e+03  1.0000e+00
6.0121e+03  1.0000e+00
6.0128e+03  1.0000e+00
6.0136e+03  1.0000e+00
6.0144e+03  1.0000e+00
6.0151e+03  1.0000e+00
6.0159e+03  1.0000e+00
6.0167e+03  1.0000e+00
6.0174e+03  1.0000e+00
6.0182e+03  1.0000e+00
6.0190e+03  1.0000e+00
6.0197e+03  1.0000e+00
6.0205e+03  1.0000e+00
6.0213e+03  1.0000e+00
6.0220e+03  1.0000e+00
6.0228e+03  1.0000e+00
6.0236e+03  1.0000e+00
6.0243e+03  1.0000e+00
6.0251e+03  1.0000e+00
6.0259e+03  1.0000e+00
6.0267e+03  1.0000e+00
6.0274e+03  1.0000e+00
6.0282e+03  1.0000e+00
6.0290e+03  1.0000e+00
6.0297e+03  1.0000e+00
6.0305e+03  1.0000e+00
6.0313e+03  1.0000e+00
6.0320e+03  1.0000e+00
6.0328e+03  1.0000e+00
6.0336e+03  1.0000e+00
6.0343e+03  1.0000e+00
6.0351e+03  1.0000e+00
6.0359e+03  1.0000e+00
6.0367e+03  1.0000e+00
6.0374e+03  1.0000e+00
6.0382e+03  1.0000e+00
6.0390e+03  1.0000e+00
6.0397e+03  1.0000e+00
6.0405e+03  1.0000e+00
6.0413e+03  1.0000e+00
6.0420e+03  1.0000e+00
6.0428e+03  1.0000e+00
6.0436e+03  1.0000e+00
6.0444e+03  1.0000e+00
6.0451e+03  1.0000e+00
6.0459e+03  1.0000e+00
6.0467e+03  1.0000e+00
6.0474e+03  1.0000e+00
6.0482e+03  1.0000e+00
6.0490e+03  1.0000e+00
6.0498e+03  1.0000e+00
6.0505e+03  1.0000e+00
6.0513e+03  1.0000e+00
6.0521e+03  1.0000e+00
6.0528e+03  1.0000e+00
6.0536e+03  1.0000e+00
6.0544e+03  1.0000e+00
6.0552e+03  1.0000e+00
6.0559e+03  1.0000e+00
6.0567e+03  1.0000e+00
6.0575e+03  1.0000e+00
6.0582e+03  1.0000e+00
6.0590e+03  1.0000e+00
6.0598e+03  1.0000e+00
6.0606e+03  1.0000e+00
6.0613e+03  1.0000e+00
6.0621e+03  1.0000e+00
6.0629e+03  1.0000e+00
6.0637e+03  1.0000e+00
6.0644e+03  1.0000e+00
6.0652e+03  1.0000e+00
6.0660e+03  1.0000e+00
6.0668e+03  1.0000e+00
6.0675e+03  1.0000e+00
6.0683e+03  1.0000e+00
6.0691e+03  1.0000e+00
6.0699e+03  1.0000e+00
6.0706e+03  1.0000e+00
6.0714e+03  1.0000e+00
6.0722e+03  1.0000e+00
6.0730e+03  1.0000e+00
6.0737e+03  1.0000e+00
6.0745e+03  1.0000e+00
6.0753e+03  1.0000e+00
6.0761e+03  1.0000e+00
6.0768e+03  1.0000e+00
6.0776e+03  1.0000e+00
6.0784e+03  1.0000e+00
6.0792e+03  1.0000e+00
6.0799e+03  1.0000e+00
6.0807e+03  1.0000e+00
6.0815e+03  1.0000e+00
6.0823e+03  1.0000e+00
6.0830e+03  1.0000e+00
6.0838e+03  1.0000e+00
6.0846e+03  1.0000e+00
6.0854e+03  1.0000e+00
6.0861e+03  1.0000e+00
6.0869e+03  1.0000e+00
6.0877e+03  1.0000e+00
6.0885e+03  1.0000e+00
6.0893e+03  1.0000e+00
6.0900e+03  1.0000e+00
6.0908e+03  1.0000e+00
6.0916e+03  1.0000e+00
6.0924e+03  1.0000e+00
6.0931e+03  1.0000e+00
6.0939e+03  1.0000e+00
6.0947e+03  1.0000e+00
6.0955e+03  1.0000e+00
6.0962e+03  1.0000e+00
6.0970e+03  1.0000e+00
6.0978e+03  1.0000e+00
6.0986e+03  1.0000e+00
6.0994e+03  1.0000e+00
6.1001e+03  1.0000e+00
6.1009e+03  1.0000e+00
6.1017e+03  1.0000e+00
6.1025e+03  1.0000e+00
6.1032e+03  1.0000e+00
6.1040e+03  1.0000e+00
6.1048e+03  1.0000e+00
6.1056e+03  1.0000e+00
6.1064e+03  1.0000e+00
6.1071e+03  1.0000e+00
6.1079e+03  1.0000e+00
6.1087e+03  1.0000e+00
6.1095e+03  1.0000e+00
6.1103e+03  1.0000e+00
6.1110e+03  1.0000e+00
6.1118e+03  1.0000e+00
6.1126e+03  1.0000e+00
6.1134e+03  1.0000e+00
6.1141e+03  1.0000e+00
6.1149e+03  1.0000e+00
6.1157e+03  1.0000e+00
6.1165e+03  1.0000e+00
6.1173e+03  1.0000e+00
6.1181e+03  1.0000e+00
6.1188e+03  1.0000e+00
6.1196e+03  1.0000e+00
6.1204e+03  1.0000e+00
6.1212e+03  1.0000e+00
6.1220e+03  1.0000e+00
6.1227e+03  1.0000e+00
6.1235e+03  1.0000e+00
6.1243e+03  1.0000e+00
6.1251e+03  1.0000e+00
6.1259e+03  1.0000e+00
6.1266e+03  1.0000e+00
6.1274e+03  1.0000e+00
6.1282e+03  1.0000e+00
6.1290e+03  1.0000e+00
6.1298e+03  1.0000e+00
6.1306e+03  1.0000e+00
6.1313e+03  1.0000e+00
6.1321e+03  1.0000e+00
6.1329e+03  1.0000e+00
6.1337e+03  1.0000e+00
6.1345e+03  1.0000e+00
6.1352e+03  1.0000e+00
6.1360e+03  1.0000e+00
6.1368e+03  1.0000e+00
6.1376e+03  1.0000e+00
6.1384e+03  1.0000e+00
6.1392e+03  1.0000e+00
6.1400e+03  1.0000e+00
6.1407e+03  1.0000e+00
6.1415e+03  1.0000e+00
6.1423e+03  1.0000e+00
6.1431e+03  1.0000e+00
6.1439e+03  1.0000e+00
6.1446e+03  1.0000e+00
6.1454e+03  1.0000e+00
6.1462e+03  1.0000e+00
6.1470e+03  1.0000e+00
6.1478e+03  1.0000e+00
6.1486e+03  1.0000e+00
6.1494e+03  1.0000e+00
6.1501e+03  1.0000e+00
6.1509e+03  1.0000e+00
6.1517e+03  1.0000e+00
6.1525e+03  1.0000e+00
6.1533e+03  1.0000e+00
6.1541e+03  1.0000e+00
6.1549e+03  1.0000e+00
6.1556e+03  1.0000e+00
6.1564e+03  1.0000e+00
6.1572e+03  1.0000e+00
6.1580e+03  1.0000e+00
6.1588e+03  1.0000e+00
6.1596e+03  1.0000e+00
6.1604e+03  1.0000e+00
6.1611e+03  1.0000e+00
6.1619e+03  1.0000e+00
6.1627e+03  1.0000e+00
6.1635e+03  1.0000e+00
6.1643e+03  1.0000e+00
6.1651e+03  1.0000e+00
6.1659e+03  1.0000e+00
6.1666e+03  1.0000e+00
6.1674e+03  1.0000e+00
6.1682e+03  1.0000e+00
6.1690e+03  1.0000e+00
6.1698e+03  1.0000e+00
6.1706e+03  1.0000e+00
6.1714e+03  1.0000e+00
6.1722e+03  1.0000e+00
6.1729e+03  1.0000e+00
6.1737e+03  1.0000e+00
6.1745e+03  1.0000e+00
6.1753e+03  1.0000e+00
6.1761e+03  1.0000e+00
6.1769e+03  1.0000e+00
6.1777e+03  1.0000e+00
6.1785e+03  1.0000e+00
6.1792e+03  1.0000e+00
6.1800e+03  1.0000e+00
6.1808e+03  1.0000e+00
6.1816e+03  1.0000e+00
6.1824e+03  1.0000e+00
6.1832e+03  1.0000e+00
6.1840e+03  1.0000e+00
6.1848e+03  1.0000e+00
6.1855e+03  1.0000e+00
6.1863e+03  1.0000e+00
6.1871e+03  1.0000e+00
6.1879e+03  1.0000e+00
6.1887e+03  1.0000e+00
6.1895e+03  1.0000e+00
6.1903e+03  1.0000e+00
6.1911e+03  1.0000e+00
6.1919e+03  1.0000e+00
6.1927e+03  1.0000e+00
6.1935e+03  1.0000e+00
6.1942e+03  1.0000e+00
6.1950e+03  1.0000e+00
6.1958e+03  1.0000e+00
6.1966e+03  1.0000e+00
6.1974e+03  1.0000e+00
6.1982e+03  1.0000e+00
6.1990e+03  1.0000e+00
6.1998e+03  1.0000e+00
6.2006e+03  1.0000e+00
6.2014e+03  1.0000e+00
6.2021e+03  1.0000e+00
6.2029e+03  1.0000e+00
6.2037e+03  1.0000e+00
6.2045e+03  1.0000e+00
6.2053e+03  1.0000e+00
6.2061e+03  1.0000e+00
6.2069e+03  1.0000e+00
6.2077e+03  1.0000e+00
6.2085e+03  1.0000e+00
6.2093e+03  1.0000e+00
6.2101e+03  1.0000e+00
6.2109e+03  1.0000e+00
6.2117e+03  1.0000e+00
6.2124e+03  1.0000e+00
6.2132e+03  1.0000e+00
6.2140e+03  1.0000e+00
6.2148e+03  1.0000e+00
6.2156e+03  1.0000e+00
6.2164e+03  1.0000e+00
6.2172e+03  1.0000e+00
6.2180e+03  1.0000e+00
6.2188e+03  1.0000e+00
6.2196e+03  1.0000e+00
6.2204e+03  1.0000e+00
6.2212e+03  1.0000e+00
6.2220e+03  1.0000e+00
6.2228e+03  1.0000e+00
6.2235e+03  1.0000e+00
6.2243e+03  1.0000e+00
6.2251e+03  1.0000e+00
6.2259e+03  1.0000e+00
6.2267e+03  1.0000e+00
6.2275e+03  1.0000e+00
6.2283e+03  1.0000e+00
6.2291e+03  1.0000e+00
6.2299e+03  1.0000e+00
6.2307e+03  1.0000e+00
6.2315e+03  1.0000e+00
6.2323e+03  1.0000e+00
6.2331e+03  1.0000e+00
6.2339e+03  1.0000e+00
6.2347e+03  1.0000e+00
6.2355e+03  1.0000e+00
6.2363e+03  1.0000e+00
6.2371e+03  1.0000e+00
6.2379e+03  1.0000e+00
6.2387e+03  1.0000e+00
6.2394e+03  1.0000e+00
6.2403e+03  1.0000e+00
6.2410e+03  1.0000e+00
6.2418e+03  1.0000e+00
6.2426e+03  1.0000e+00
6.2434e+03  1.0000e+00
6.2442e+03  1.0000e+00
6.2450e+03  1.0000e+00
6.2458e+03  1.0000e+00
6.2466e+03  1.0000e+00
6.2474e+03  1.0000e+00
6.2482e+03  1.0000e+00
6.2490e+03  1.0000e+00
6.2498e+03  1.0000e+00
6.2506e+03  1.0000e+00
6.2514e+03  1.0000e+00
6.2522e+03  1.0000e+00
6.2530e+03  1.0000e+00
6.2538e+03  1.0000e+00
6.2546e+03  1.0000e+00
6.2554e+03  1.0000e+00
6.2562e+03  1.0000e+00
6.2570e+03  1.0000e+00
6.2578e+03  1.0000e+00
6.2586e+03  1.0000e+00
6.2594e+03  1.0000e+00
6.2602e+03  1.0000e+00
6.2610e+03  1.0000e+00
6.2618e+03  1.0000e+00
6.2626e+03  1.0000e+00
6.2634e+03  1.0000e+00
6.2642e+03  1.0000e+00
6.2650e+03  1.0000e+00
6.2658e+03  1.0000e+00
6.2666e+03  1.0000e+00
6.2674e+03  1.0000e+00
6.2682e+03  1.0000e+00
6.2690e+03  1.0000e+00
6.2698e+03  1.0000e+00
6.2706e+03  1.0000e+00
6.2714e+03  1.0000e+00
6.2722e+03  1.0000e+00
6.2730e+03  1.0000e+00
6.2738e+03  1.0000e+00
6.2746e+03  1.0000e+00
6.2754e+03  1.0000e+00
6.2762e+03  1.0000e+00
6.2770e+03  1.0000e+00
6.2778e+03  1.0000e+00
6.2786e+03  1.0000e+00
6.2794e+03  1.0000e+00
6.2802e+03  1.0000e+00
6.2810e+03  1.0000e+00
6.2818e+03  1.0000e+00
6.2826e+03  1.0000e+00
6.2834e+03  1.0000e+00
6.2842e+03  1.0000e+00
6.2850e+03  1.0000e+00
6.2858e+03  1.0000e+00
6.2866e+03  1.0000e+00
6.2874e+03  1.0000e+00
6.2882e+03  1.0000e+00
6.2890e+03  1.0000e+00
6.2898e+03  1.0000e+00
6.2906e+03  1.0000e+00
6.2914e+03  1.0000e+00
6.2922e+03  1.0000e+00
6.2930e+03  1.0000e+00
6.2938e+03  1.0000e+00
6.2946e+03  1.0000e+00
6.2954e+03  1.0000e+00
6.2962e+03  1.0000e+00
6.2970e+03  1.0000e+00
6.2978e+03  1.0000e+00
6.2986e+03  1.0000e+00
6.2994e+03  1.0000e+00
6.3002e+03  1.0000e+00
6.3011e+03  1.0000e+00
6.3018e+03  1.0000e+00
6.3027e+03  1.0000e+00
6.3035e+03  1.0000e+00
6.3043e+03  1.0000e+00
6.3051e+03  1.0000e+00
6.3059e+03  1.0000e+00
6.3067e+03  1.0000e+00
6.3075e+03  1.0000e+00
6.3083e+03  1.0000e+00
6.3091e+03  1.0000e+00
6.3099e+03  1.0000e+00
6.3107e+03  1.0000e+00
6.3115e+03  1.0000e+00
6.3123e+03  1.0000e+00
6.3131e+03  1.0000e+00
6.3139e+03  1.0000e+00
6.3147e+03  1.0000e+00
6.3155e+03  1.0000e+00
6.3163e+03  1.0000e+00
6.3171e+03  1.0000e+00
6.3179e+03  1.0000e+00
6.3188e+03  1.0000e+00
6.3196e+03  1.0000e+00
6.3204e+03  1.0000e+00
6.3212e+03  1.0000e+00
6.3220e+03  1.0000e+00
6.3228e+03  1.0000e+00
6.3236e+03  1.0000e+00
6.3244e+03  1.0000e+00
6.3252e+03  1.0000e+00
6.3260e+03  1.0000e+00
6.3268e+03  1.0000e+00
6.3276e+03  1.0000e+00
6.3284e+03  1.0000e+00
6.3292e+03  1.0000e+00
6.3300e+03  1.0000e+00
6.3309e+03  1.0000e+00
6.3317e+03  1.0000e+00
6.3325e+03  1.0000e+00
6.3333e+03  1.0000e+00
6.3341e+03  1.0000e+00
6.3349e+03  1.0000e+00
6.3357e+03  1.0000e+00
6.3365e+03  1.0000e+00
6.3373e+03  1.0000e+00
6.3381e+03  1.0000e+00
6.3389e+03  1.0000e+00
6.3397e+03  1.0000e+00
6.3406e+03  1.0000e+00
6.3414e+03  1.0000e+00
6.3422e+03  1.0000e+00
6.3430e+03  1.0000e+00
6.3438e+03  1.0000e+00
6.3446e+03  1.0000e+00
6.3454e+03  1.0000e+00
6.3462e+03  1.0000e+00
6.3470e+03  1.0000e+00
6.3478e+03  1.0000e+00
6.3487e+03  1.0000e+00
6.3495e+03  1.0000e+00
6.3503e+03  1.0000e+00
6.3511e+03  1.0000e+00
6.3519e+03  1.0000e+00
6.3527e+03  1.0000e+00
6.3535e+03  1.0000e+00
6.3543e+03  1.0000e+00
6.3551e+03  1.0000e+00
6.3559e+03  1.0000e+00
6.3568e+03  1.0000e+00
6.3576e+03  1.0000e+00
6.3584e+03  1.0000e+00
6.3592e+03  1.0000e+00
6.3600e+03  1.0000e+00
6.3608e+03  1.0000e+00
6.3616e+03  1.0000e+00
6.3624e+03  1.0000e+00
6.3633e+03  1.0000e+00
6.3641e+03  1.0000e+00
6.3649e+03  1.0000e+00
6.3657e+03  1.0000e+00
6.3665e+03  1.0000e+00
6.3673e+03  1.0000e+00
6.3681e+03  1.0000e+00
6.3689e+03  1.0000e+00
6.3697e+03  1.0000e+00
6.3706e+03  1.0000e+00
6.3714e+03  1.0000e+00
6.3722e+03  1.0000e+00
6.3730e+03  1.0000e+00
6.3738e+03  1.0000e+00
6.3746e+03  1.0000e+00
6.3754e+03  1.0000e+00
6.3763e+03  1.0000e+00
6.3771e+03  1.0000e+00
6.3779e+03  1.0000e+00
6.3787e+03  1.0000e+00
6.3795e+03  1.0000e+00
6.3803e+03  1.0000e+00
6.3811e+03  1.0000e+00
6.3820e+03  1.0000e+00
6.3828e+03  1.0000e+00
6.3836e+03  1.0000e+00
6.3844e+03  1.0000e+00
6.3852e+03  1.0000e+00
6.3860e+03  1.0000e+00
6.3868e+03  1.0000e+00
6.3876e+03  1.0000e+00
6.3885e+03  1.0000e+00
6.3893e+03  1.0000e+00
6.3901e+03  1.0000e+00
6.3909e+03  1.0000e+00
6.3917e+03  1.0000e+00
6.3925e+03  1.0000e+00
6.3934e+03  1.0000e+00
6.3942e+03  1.0000e+00
6.3950e+03  1.0000e+00
6.3958e+03  1.0000e+00
6.3966e+03  1.0000e+00
6.3974e+03  1.0000e+00
6.3983e+03  1.0000e+00
6.3991e+03  1.0000e+00
6.3999e+03  1.0000e+00
6.4007e+03  1.0000e+00
6.4015e+03  1.0000e+00
6.4023e+03  1.0000e+00
6.4032e+03  1.0000e+00
6.4040e+03  1.0000e+00
6.4048e+03  1.0000e+00
6.4056e+03  1.0000e+00
6.4064e+03  1.0000e+00
6.4072e+03  1.0000e+00
6.4081e+03  1.0000e+00
6.4089e+03  1.0000e+00
6.4097e+03  1.0000e+00
6.4105e+03  1.0000e+00
6.4113e+03  1.0000e+00
6.4121e+03  1.0000e+00
6.4130e+03  1.0000e+00
6.4138e+03  1.0000e+00
6.4146e+03  1.0000e+00
6.4154e+03  1.0000e+00
6.4162e+03  1.0000e+00
6.4171e+03  1.0000e+00
6.4179e+03  1.0000e+00
6.4187e+03  1.0000e+00
6.4195e+03  1.0000e+00
6.4203e+03  1.0000e+00
6.4212e+03  1.0000e+00
6.4220e+03  1.0000e+00
6.4228e+03  1.0000e+00
6.4236e+03  1.0000e+00
6.4244e+03  1.0000e+00
6.4252e+03  1.0000e+00
6.4261e+03  1.0000e+00
6.4269e+03  1.0000e+00
6.4277e+03  1.0000e+00
6.4285e+03  1.0000e+00
6.4293e+03  1.0000e+00
6.4302e+03  1.0000e+00
6.4310e+03  1.0000e+00
6.4318e+03  1.0000e+00
6.4326e+03  1.0000e+00
6.4335e+03  1.0000e+00
6.4343e+03  1.0000e+00
6.4351e+03  1.0000e+00
6.4359e+03  1.0000e+00
6.4367e+03  1.0000e+00
6.4376e+03  1.0000e+00
6.4384e+03  1.0000e+00
6.4392e+03  1.0000e+00
6.4400e+03  1.0000e+00
6.4408e+03  1.0000e+00
6.4417e+03  1.0000e+00
6.4425e+03  1.0000e+00
6.4433e+03  1.0000e+00
6.4441e+03  1.0000e+00
6.4450e+03  1.0000e+00
6.4458e+03  1.0000e+00
6.4466e+03  1.0000e+00
6.4474e+03  1.0000e+00
6.4483e+03  1.0000e+00
6.4491e+03  1.0000e+00
6.4499e+03  1.0000e+00
6.4507e+03  1.0000e+00
6.4515e+03  1.0000e+00
6.4524e+03  1.0000e+00
6.4532e+03  1.0000e+00
6.4540e+03  1.0000e+00
6.4548e+03  1.0000e+00
6.4557e+03  1.0000e+00
6.4565e+03  1.0000e+00
6.4573e+03  1.0000e+00
6.4581e+03  1.0000e+00
6.4590e+03  1.0000e+00
6.4598e+03  1.0000e+00
6.4606e+03  1.0000e+00
6.4614e+03  1.0000e+00
6.4623e+03  1.0000e+00
6.4631e+03  1.0000e+00
6.4639e+03  1.0000e+00
6.4647e+03  1.0000e+00
6.4655e+03  1.0000e+00
6.4664e+03  1.0000e+00
6.4672e+03  1.0000e+00
6.4680e+03  1.0000e+00
6.4688e+03  1.0000e+00
6.4697e+03  1.0000e+00
6.4705e+03  1.0000e+00
6.4713e+03  1.0000e+00
6.4721e+03  1.0000e+00
6.4730e+03  1.0000e+00
6.4738e+03  1.0000e+00
6.4746e+03  1.0000e+00
6.4755e+03  1.0000e+00
6.4763e+03  1.0000e+00
6.4771e+03  1.0000e+00
6.4779e+03  1.0000e+00
6.4787e+03  1.0000e+00
6.4796e+03  1.0000e+00
6.4804e+03  1.0000e+00
6.4812e+03  1.0000e+00
6.4821e+03  1.0000e+00
6.4829e+03  1.0000e+00
6.4837e+03  1.0000e+00
6.4845e+03  1.0000e+00
6.4854e+03  1.0000e+00
6.4862e+03  1.0000e+00
6.4870e+03  1.0000e+00
6.4879e+03  1.0000e+00
6.4887e+03  1.0000e+00
6.4895e+03  1.0000e+00
6.4903e+03  1.0000e+00
6.4912e+03  1.0000e+00
6.4920e+03  1.0000e+00
6.4928e+03  1.0000e+00
6.4937e+03  1.0000e+00
6.4945e+03  1.0000e+00
6.4953e+03  1.0000e+00
6.4961e+03  1.0000e+00
6.4970e+03  1.0000e+00
6.4978e+03  1.0000e+00
6.4986e+03  1.0000e+00
6.4995e+03  1.0000e+00
6.5003e+03  1.0000e+00
6.5011e+03  1.0000e+00
6.5019e+03  1.0000e+00
6.5028e+03  1.0000e+00
6.5036e+03  1.0000e+00
6.5044e+03  1.0000e+00
6.5053e+03  1.0000e+00
6.5061e+03  1.0000e+00
6.5069e+03  1.0000e+00
6.5078e+03  1.0000e+00
6.5086e+03  1.0000e+00
6.5094e+03  1.0000e+00
6.5102e+03  1.0000e+00
6.5111e+03  1.0000e+00
6.5119e+03  1.0000e+00
6.5127e+03  1.0000e+00
6.5136e+03  1.0000e+00
6.5144e+03  1.0000e+00
6.5152e+03  1.0000e+00
6.5161e+03  1.0000e+00
6.5169e+03  1.0000e+00
6.5177e+03  1.0000e+00
6.5185e+03  1.0000e+00
6.5194e+03  1.0000e+00
6.5202e+03  1.0000e+00
6.5210e+03  1.0000e+00
6.5219e+03  1.0000e+00
6.5227e+03  1.0000e+00
6.5236e+03  1.0000e+00
6.5244e+03  1.0000e+00
6.5252e+03  1.0000e+00
6.5260e+03  1.0000e+00
6.5269e+03  1.0000e+00
6.5277e+03  1.0000e+00
6.5285e+03  1.0000e+00
6.5294e+03  1.0000e+00
6.5302e+03  1.0000e+00
6.5310e+03  1.0000e+00
6.5319e+03  1.0000e+00
6.5327e+03  1.0000e+00
6.5335e+03  1.0000e+00
6.5344e+03  1.0000e+00
6.5352e+03  1.0000e+00
6.5360e+03  1.0000e+00
6.5369e+03  1.0000e+00
6.5377e+03  1.0000e+00
6.5385e+03  1.0000e+00
6.5394e+03  1.0000e+00
6.5402e+03  1.0000e+00
6.5410e+03  1.0000e+00
6.5419e+03  1.0000e+00
6.5427e+03  1.0000e+00
6.5435e+03  1.0000e+00
6.5444e+03  1.0000e+00
6.5452e+03  1.0000e+00
6.5461e+03  1.0000e+00
6.5469e+03  1.0000e+00
6.5477e+03  1.0000e+00
6.5486e+03  1.0000e+00
6.5494e+03  1.0000e+00
6.5502e+03  1.0000e+00
6.5511e+03  1.0000e+00
6.5519e+03  1.0000e+00
6.5527e+03  1.0000e+00
6.5536e+03  1.0000e+00
6.5544e+03  1.0000e+00
6.5552e+03  1.0000e+00
6.5561e+03  1.0000e+00
6.5569e+03  1.0000e+00
6.5578e+03  1.0000e+00
6.5586e+03  1.0000e+00
6.5594e+03  1.0000e+00
6.5603e+03  1.0000e+00
6.5611e+03  1.0000e+00
6.5619e+03  1.0000e+00
6.5628e+03  1.0000e+00
6.5636e+03  1.0000e+00
6.5644e+03  1.0000e+00
6.5653e+03  1.0000e+00
6.5661e+03  1.0000e+00
6.5670e+03  1.0000e+00
6.5678e+03  1.0000e+00
6.5686e+03  1.0000e+00
6.5695e+03  1.0000e+00
6.5703e+03  1.0000e+00
6.5712e+03  1.0000e+00
6.5720e+03  1.0000e+00
6.5728e+03  1.0000e+00
6.5737e+03  1.0000e+00
6.5745e+03  1.0000e+00
6.5754e+03  1.0000e+00
6.5762e+03  1.0000e+00
6.5770e+03  1.0000e+00
6.5779e+03  1.0000e+00
6.5787e+03  1.0000e+00
6.5795e+03  1.0000e+00
6.5804e+03  1.0000e+00
6.5812e+03  1.0000e+00
6.5821e+03  1.0000e+00
6.5829e+03  1.0000e+00
6.5837e+03  1.0000e+00
6.5846e+03  1.0000e+00
6.5854e+03  1.0000e+00
6.5863e+03  1.0000e+00
6.5871e+03  1.0000e+00
6.5879e+03  1.0000e+00
6.5888e+03  1.0000e+00
6.5896e+03  1.0000e+00
6.5905e+03  1.0000e+00
6.5913e+03  1.0000e+00
6.5921e+03  1.0000e+00
6.5930e+03  1.0000e+00
6.5938e+03  1.0000e+00
6.5947e+03  1.0000e+00
6.5955e+03  1.0000e+00
6.5964e+03  1.0000e+00
6.5972e+03  1.0000e+00
6.5980e+03  1.0000e+00
6.5989e+03  1.0000e+00
6.5997e+03  1.0000e+00
6.6006e+03  1.0000e+00
6.6014e+03  1.0000e+00
6.6023e+03  1.0000e+00
6.6031e+03  1.0000e+00
6.6039e+03  1.0000e+00
6.6048e+03  1.0000e+00
6.6056e+03  1.0000e+00
6.6065e+03  1.0000e+00
6.6073e+03  1.0000e+00
6.6082e+03  1.0000e+00
6.6090e+03  1.0000e+00
6.6098e+03  1.0000e+00
6.6107e+03  1.0000e+00
6.6115e+03  1.0000e+00
6.6124e+03  1.0000e+00
6.6132e+03  1.0000e+00
6.6141e+03  1.0000e+00
6.6149e+03  1.0000e+00
6.6157e+03  1.0000e+00
6.6166e+03  1.0000e+00
6.6174e+03  1.0000e+00
6.6183e+03  1.0000e+00
6.6191e+03  1.0000e+00
6.6200e+03  1.0000e+00
6.6208e+03  1.0000e+00
6.6216e+03  1.0000e+00
6.6225e+03  1.0000e+00
6.6233e+03  1.0000e+00
6.6242e+03  1.0000e+00
6.6250e+03  1.0000e+00
6.6259e+03  1.0000e+00
6.6267e+03  1.0000e+00
6.6276e+03  1.0000e+00
6.6284e+03  1.0000e+00
6.6293e+03  1.0000e+00
6.6301e+03  1.0000e+00
6.6310e+03  1.0000e+00
6.6318e+03  1.0000e+00
6.6326e+03  1.0000e+00
6.6335e+03  1.0000e+00
6.6343e+03  1.0000e+00
6.6352e+03  1.0000e+00
6.6360e+03  1.0000e+00
6.6369e+03  1.0000e+00
6.6377e+03  1.0000e+00
6.6386e+03  1.0000e+00
6.6394e+03  1.0000e+00
6.6403e+03  1.0000e+00
6.6411e+03  1.0000e+00
6.6420e+03  1.0000e+00
6.6428e+03  1.0000e+00
6.6437e+03  1.0000e+00
6.6445e+03  1.0000e+00
6.6454e+03  1.0000e+00
6.6462e+03  1.0000e+00
6.6471e+03  1.0000e+00
6.6479e+03  1.0000e+00
6.6487e+03  1.0000e+00
6.6496e+03  1.0000e+00
6.6504e+03  1.0000e+00
6.6513e+03  1.0000e+00
6.6521e+03  1.0000e+00
6.6530e+03  1.0000e+00
6.6538e+03  1.0000e+00
6.6547e+03  1.0000e+00
6.6555e+03  1.0000e+00
6.6564e+03  1.0000e+00
6.6572e+03  1.0000e+00
6.6581e+03  1.0000e+00
6.6589e+03  1.0000e+00
6.6598e+03  1.0000e+00
6.6606e+03  1.0000e+00
6.6615e+03  1.0000e+00
6.6623e+03  1.0000e+00
6.6632e+03  1.0000e+00
6.6640e+03  1.0000e+00
6.6649e+03  1.0000e+00
6.6657e+03  1.0000e+00
6.6666e+03  1.0000e+00
6.6674e+03  1.0000e+00
6.6683e+03  1.0000e+00
6.6691e+03  1.0000e+00
6.6700e+03  1.0000e+00
6.6708e+03  1.0000e+00
6.6717e+03  1.0000e+00
6.6725e+03  1.0000e+00
6.6734e+03  1.0000e+00
6.6742e+03  1.0000e+00
6.6751e+03  1.0000e+00
6.6759e+03  1.0000e+00
6.6768e+03  1.0000e+00
6.6776e+03  1.0000e+00
6.6785e+03  1.0000e+00
6.6793e+03  1.0000e+00
6.6802e+03  1.0000e+00
6.6811e+03  1.0000e+00
6.6819e+03  1.0000e+00
6.6828e+03  1.0000e+00
6.6836e+03  1.0000e+00
6.6845e+03  1.0000e+00
6.6853e+03  1.0000e+00
6.6862e+03  1.0000e+00
6.6870e+03  1.0000e+00
6.6879e+03  1.0000e+00
6.6887e+03  1.0000e+00
6.6896e+03  1.0000e+00
6.6904e+03  1.0000e+00
6.6913e+03  1.0000e+00
6.6921e+03  1.0000e+00
6.6930e+03  1.0000e+00
6.6939e+03  1.0000e+00
6.6947e+03  1.0000e+00
6.6956e+03  1.0000e+00
6.6964e+03  1.0000e+00
6.6973e+03  1.0000e+00
6.6981e+03  1.0000e+00
6.6990e+03  1.0000e+00
6.6998e+03  1.0000e+00
6.7007e+03  1.0000e+00
6.7015e+03  1.0000e+00
6.7024e+03  1.0000e+00
6.7033e+03  1.0000e+00
6.7041e+03  1.0000e+00
6.7050e+03  1.0000e+00
6.7058e+03  1.0000e+00
6.7067e+03  1.0000e+00
6.7075e+03  1.0000e+00
6.7084e+03  1.0000e+00
6.7093e+03  1.0000e+00
6.7101e+03  1.0000e+00
6.7109e+03  1.0000e+00
6.7118e+03  1.0000e+00
6.7127e+03  1.0000e+00
6.7135e+03  1.0000e+00
6.7144e+03  1.0000e+00
6.7152e+03  1.0000e+00
6.7161e+03  1.0000e+00
6.7169e+03  1.0000e+00
6.7178e+03  1.0000e+00
6.7187e+03  1.0000e+00
6.7195e+03  1.0000e+00
6.7204e+03  1.0000e+00
6.7212e+03  1.0000e+00
6.7221e+03  1.0000e+00
6.7230e+03  1.0000e+00
6.7238e+03  1.0000e+00
6.7247e+03  1.0000e+00
6.7255e+03  1.0000e+00
6.7264e+03  1.0000e+00
6.7272e+03  1.0000e+00
6.7281e+03  1.0000e+00
6.7290e+03  1.0000e+00
6.7298e+03  1.0000e+00
6.7307e+03  1.0000e+00
6.7315e+03  1.0000e+00
6.7324e+03  1.0000e+00
6.7333e+03  1.0000e+00
6.7341e+03  1.0000e+00
6.7350e+03  1.0000e+00
6.7358e+03  1.0000e+00
6.7367e+03  1.0000e+00
6.7375e+03  1.0000e+00
6.7384e+03  1.0000e+00
6.7393e+03  1.0000e+00
6.7401e+03  1.0000e+00
6.7410e+03  1.0000e+00
6.7418e+03  1.0000e+00
6.7427e+03  1.0000e+00
6.7436e+03  1.0000e+00
6.7444e+03  1.0000e+00
6.7453e+03  1.0000e+00
6.7462e+03  1.0000e+00
6.7470e+03  1.0000e+00
6.7479e+03  1.0000e+00
6.7487e+03  1.0000e+00
6.7496e+03  1.0000e+00
6.7505e+03  1.0000e+00
6.7513e+03  1.0000e+00
6.7522e+03  1.0000e+00
6.7530e+03  1.0000e+00
6.7539e+03  1.0000e+00
6.7548e+03  1.0000e+00
6.7556e+03  1.0000e+00
6.7565e+03  1.0000e+00
6.7573e+03  1.0000e+00
6.7582e+03  1.0000e+00
6.7591e+03  1.0000e+00
6.7599e+03  1.0000e+00
6.7608e+03  1.0000e+00
6.7617e+03  1.0000e+00
6.7625e+03  1.0000e+00
6.7634e+03  1.0000e+00
6.7642e+03  1.0000e+00
6.7651e+03  1.0000e+00
6.7660e+03  1.0000e+00
6.7668e+03  1.0000e+00
6.7677e+03  1.0000e+00
6.7686e+03  1.0000e+00
6.7694e+03  1.0000e+00
6.7703e+03  1.0000e+00
6.7712e+03  1.0000e+00
6.7720e+03  1.0000e+00
6.7729e+03  1.0000e+00
6.7737e+03  1.0000e+00
6.7746e+03  1.0000e+00
6.7755e+03  1.0000e+00
6.7763e+03  1.0000e+00
6.7772e+03  1.0000e+00
6.7781e+03  1.0000e+00
6.7789e+03  1.0000e+00
6.7798e+03  1.0000e+00
6.7807e+03  1.0000e+00
6.7815e+03  1.0000e+00
6.7824e+03  1.0000e+00
6.7833e+03  1.0000e+00
6.7841e+03  1.0000e+00
6.7850e+03  1.0000e+00
6.7858e+03  1.0000e+00
6.7867e+03  1.0000e+00
6.7876e+03  1.0000e+00
6.7885e+03  1.0000e+00
6.7893e+03  1.0000e+00
6.7902e+03  1.0000e+00
6.7911e+03  1.0000e+00
6.7919e+03  1.0000e+00
6.7928e+03  1.0000e+00
6.7936e+03  1.0000e+00
6.7945e+03  1.0000e+00
6.7954e+03  1.0000e+00
6.7963e+03  1.0000e+00
6.7971e+03  1.0000e+00
6.7980e+03  1.0000e+00
6.7989e+03  1.0000e+00
6.7997e+03  1.0000e+00
6.8006e+03  1.0000e+00
6.8015e+03  1.0000e+00
6.8023e+03  1.0000e+00
6.8032e+03  1.0000e+00
6.8041e+03  1.0000e+00
6.8049e+03  1.0000e+00
6.8058e+03  1.0000e+00
6.8067e+03  1.0000e+00
6.8075e+03  1.0000e+00
6.8084e+03  1.0000e+00
6.8093e+03  1.0000e+00
6.8101e+03  1.0000e+00
6.8110e+03  1.0000e+00
6.8119e+03  1.0000e+00
6.8127e+03  1.0000e+00
6.8136e+03  1.0000e+00
6.8145e+03  1.0000e+00
6.8154e+03  1.0000e+00
6.8162e+03  1.0000e+00
6.8171e+03  1.0000e+00
6.8180e+03  1.0000e+00
6.8188e+03  1.0000e+00
6.8197e+03  1.0000e+00
6.8206e+03  1.0000e+00
6.8214e+03  1.0000e+00
6.8223e+03  1.0000e+00
6.8232e+03  1.0000e+00
6.8240e+03  1.0000e+00
6.8249e+03  1.0000e+00
6.8258e+03  1.0000e+00
6.8267e+03  1.0000e+00
6.8275e+03  1.0000e+00
6.8284e+03  1.0000e+00
6.8293e+03  1.0000e+00
6.8301e+03  1.0000e+00
6.8310e+03  1.0000e+00
6.8319e+03  1.0000e+00
6.8328e+03  1.0000e+00
6.8336e+03  1.0000e+00
6.8345e+03  1.0000e+00
6.8354e+03  1.0000e+00
6.8363e+03  1.0000e+00
6.8371e+03  1.0000e+00
6.8380e+03  1.0000e+00
6.8389e+03  1.0000e+00
6.8397e+03  1.0000e+00
6.8406e+03  1.0000e+00
6.8415e+03  1.0000e+00
6.8424e+03  1.0000e+00
6.8432e+03  1.0000e+00
6.8441e+03  1.0000e+00
6.8450e+03  1.0000e+00
6.8459e+03  1.0000e+00
6.8467e+03  1.0000e+00
6.8476e+03  1.0000e+00
6.8485e+03  1.0000e+00
6.8493e+03  1.0000e+00
6.8502e+03  1.0000e+00
6.8511e+03  1.0000e+00
6.8520e+03  1.0000e+00
6.8528e+03  1.0000e+00
6.8537e+03  1.0000e+00
6.8546e+03  1.0000e+00
6.8555e+03  1.0000e+00
6.8563e+03  1.0000e+00
6.8572e+03  1.0000e+00
6.8581e+03  1.0000e+00
6.8590e+03  1.0000e+00
6.8598e+03  1.0000e+00
6.8607e+03  9.8354e-01
6.8616e+03  9.8666e-01
6.8625e+03  9.8095e-01
6.8633e+03  9.7716e-01
6.8642e+03  9.8544e-01
6.8651e+03  9.6301e-01
6.8660e+03  9.2784e-01
6.8668e+03  8.4911e-01
6.8677e+03  8.0817e-01
6.8686e+03  7.6562e-01
6.8695e+03  7.5141e-01
6.8704e+03  7.5077e-01
6.8712e+03  7.7125e-01
6.8721e+03  7.8024e-01
6.8730e+03  7.9931e-01
6.8739e+03  8.1686e-01
6.8747e+03  8.2501e-01
6.8756e+03  8.3850e-01
6.8765e+03  8.4860e-01
6.8774e+03  8.6777e-01
6.8783e+03  8.7175e-01
6.8791e+03  9.0687e-01
6.8800e+03  9.2712e-01
6.8809e+03  9.5194e-01
6.8818e+03  9.5411e-01
6.8826e+03  9.5197e-01
6.8835e+03  9.4726e-01
6.8844e+03  9.2601e-01
6.8853e+03  9.1232e-01
6.8861e+03  9.2020e-01
6.8870e+03  9.1033e-01
6.8879e+03  8.8104e-01
6.8888e+03  8.8349e-01
6.8897e+03  9.0310e-01
6.8905e+03  8.9777e-01
6.8914e+03  8.8017e-01
6.8923e+03  8.8955e-01
6.8932e+03  9.0841e-01
6.8941e+03  8.9974e-01
6.8949e+03  8.8833e-01
6.8958e+03  8.9105e-01
6.8967e+03  9.0927e-01
6.8976e+03  9.1811e-01
6.8985e+03  9.1332e-01
6.8993e+03  9.0020e-01
6.9002e+03  9.1499e-01
6.9011e+03  9.3200e-01
6.9020e+03  9.2948e-01
6.9029e+03  9.2007e-01
6.9037e+03  9.2503e-01
6.9046e+03  9.3303e-01
6.9055e+03  9.3541e-01
6.9064e+03  9.4021e-01
6.9073e+03  9.3788e-01
6.9082e+03  9.4185e-01
6.9090e+03  9.4662e-01
6.9099e+03  9.5331e-01
6.9108e+03  9.5627e-01
6.9117e+03  9.5738e-01
6.9126e+03  9.5127e-01
6.9134e+03  9.5744e-01
6.9143e+03  9.5888e-01
6.9152e+03  9.6689e-01
6.9161e+03  9.7868e-01
6.9170e+03  9.6610e-01
6.9178e+03  9.6809e-01
6.9187e+03  9.6956e-01
6.9196e+03  9.6838e-01
6.9205e+03  9.7190e-01
6.9214e+03  9.7583e-01
6.9223e+03  9.6309e-01
6.9231e+03  9.7040e-01
6.9240e+03  9.7840e-01
6.9249e+03  9.6841e-01
6.9258e+03  9.8073e-01
6.9267e+03  9.8047e-01
6.9276e+03  9.8498e-01
6.9284e+03  9.7191e-01
6.9293e+03  9.6643e-01
6.9302e+03  9.7971e-01
6.9311e+03  9.7774e-01
6.9320e+03  9.7919e-01
6.9329e+03  9.8151e-01
6.9338e+03  9.7934e-01
6.9346e+03  9.8281e-01
6.9355e+03  9.8004e-01
6.9364e+03  9.8456e-01
6.9373e+03  9.8513e-01
6.9382e+03  9.8157e-01
6.9390e+03  9.8272e-01
6.9399e+03  9.7523e-01
6.9408e+03  9.7751e-01
6.9417e+03  9.7344e-01
6.9426e+03  9.8253e-01
6.9435e+03  9.9110e-01
6.9444e+03  9.9022e-01
6.9453e+03  9.8553e-01
6.9461e+03  9.8544e-01
6.9470e+03  9.8464e-01
6.9479e+03  9.8799e-01
6.9488e+03  9.8038e-01
6.9497e+03  9.8675e-01
6.9506e+03  9.8913e-01
6.9515e+03  9.9351e-01
6.9524e+03  9.9614e-01
6.9532e+03  9.9437e-01
6.9541e+03  9.9551e-01
6.9550e+03  9.8947e-01
6.9559e+03  9.8849e-01
6.9568e+03  9.9117e-01
6.9577e+03  9.8858e-01
6.9586e+03  9.8535e-01
6.9595e+03  9.8996e-01
6.9603e+03  9.9085e-01
6.9612e+03  9.8927e-01
6.9621e+03  9.9102e-01
6.9630e+03  9.9100e-01
6.9639e+03  9.9521e-01
6.9648e+03  1.0042e+00
6.9657e+03  1.0009e+00
6.9666e+03  9.9605e-01
6.9675e+03  9.9442e-01
6.9683e+03  9.9623e-01
6.9692e+03  1.0051e+00
6.9701e+03  1.0032e+00
6.9710e+03  1.0055e+00
6.9719e+03  1.0059e+00
6.9728e+03  9.9003e-01
6.9737e+03  9.9752e-01
6.9746e+03  1.0008e+00
6.9755e+03  1.0069e+00
6.9763e+03  1.0058e+00
6.9772e+03  9.9339e-01
6.9781e+03  9.8658e-01
6.9790e+03  9.9241e-01
6.9799e+03  1.0064e+00
6.9808e+03  1.0040e+00
6.9817e+03  9.9388e-01
6.9826e+03  9.9681e-01
6.9835e+03  9.9595e-01
6.9844e+03  9.8922e-01
6.9853e+03  9.9208e-01
6.9861e+03  9.9057e-01
6.9870e+03  9.8706e-01
6.9879e+03  9.9296e-01
6.9888e+03  9.8882e-01
6.9897e+03  9.8994e-01
6.9906e+03  9.9700e-01
6.9915e+03  9.9634e-01
6.9924e+03  9.9066e-01
6.9933e+03  9.8583e-01
6.9942e+03  9.8938e-01
6.9951e+03  9.9294e-01
6.9960e+03  9.9681e-01
6.9968e+03  9.9189e-01
6.9977e+03  9.9251e-01
6.9986e+03  9.8718e-01
6.9995e+03  9.8773e-01
7.0004e+03  9.8386e-01
7.0013e+03  9.8343e-01
7.0022e+03  9.9656e-01
7.0031e+03  9.8378e-01
7.0040e+03  9.8760e-01
7.0049e+03  9.9511e-01
7.0058e+03  9.8487e-01
7.0067e+03  9.9606e-01
7.0076e+03  9.8300e-01
7.0085e+03  9.9651e-01
7.0094e+03  9.9619e-01
7.0103e+03  9.9782e-01
7.0111e+03  9.9498e-01
7.0120e+03  9.8384e-01
7.0129e+03  9.9895e-01
7.0138e+03  9.9084e-01
7.0147e+03  9.8683e-01
7.0156e+03  9.9025e-01
7.0165e+03  9.9077e-01
7.0174e+03  9.8485e-01
7.0183e+03  9.9286e-01
7.0192e+03  9.8670e-01
7.0201e+03  9.8675e-01
7.0210e+03  9.9072e-01
7.0219e+03  9.9501e-01
7.0228e+03  9.8924e-01
7.0237e+03  9.9282e-01
7.0246e+03  9.9086e-01
7.0255e+03  9.9495e-01
7.0264e+03  9.8528e-01
7.0273e+03  9.9425e-01
7.0282e+03  1.0008e+00
7.0291e+03  9.9927e-01
7.0299e+03  9.9406e-01
7.0309e+03  9.9580e-01
7.0317e+03  1.0004e+00
7.0326e+03  9.9991e-01
7.0335e+03  1.0046e+00
7.0344e+03  1.0041e+00
7.0353e+03  9.9683e-01
7.0362e+03  9.8899e-01
7.0371e+03  9.9764e-01
7.0380e+03  9.9070e-01
7.0389e+03  9.9937e-01
7.0398e+03  9.8851e-01
7.0407e+03  9.9338e-01
7.0416e+03  1.0042e+00
7.0425e+03  9.9689e-01
7.0434e+03  1.0032e+00
7.0443e+03  9.9852e-01
7.0452e+03  1.0015e+00
7.0461e+03  9.9639e-01
7.0470e+03  9.9639e-01
7.0479e+03  1.0011e+00
7.0488e+03  9.9378e-01
7.0497e+03  1.0032e+00
7.0506e+03  9.9667e-01
7.0515e+03  9.9834e-01
7.0524e+03  9.9567e-01
7.0533e+03  9.9802e-01
7.0542e+03  9.9268e-01
7.0551e+03  1.0013e+00
7.0560e+03  1.0009e+00
7.0569e+03  9.9765e-01
7.0578e+03  9.9710e-01
7.0587e+03  1.0129e+00
7.0596e+03  9.9667e-01
7.0605e+03  9.9645e-01
7.0614e+03  1.0042e+00
7.0623e+03  1.0127e+00
7.0632e+03  1.0024e+00
7.0641e+03  1.0024e+00
7.0650e+03  1.0083e+00
7.0659e+03  9.9997e-01
7.0668e+03  1.0035e+00
7.0677e+03  1.0051e+00
7.0686e+03  1.0033e+00
7.0695e+03  9.9741e-01
7.0704e+03  1.0056e+00
7.0713e+03  1.0133e+00
7.0722e+03  9.9838e-01
7.0731e+03  1.0015e+00
7.0740e+03  1.0084e+00
7.0749e+03  1.0055e+00
7.0758e+03  1.0023e+00
7.0768e+03  1.0030e+00
7.0776e+03  9.9902e-01
7.0786e+03  9.9817e-01
7.0795e+03  9.9467e-01
7.0804e+03  9.9682e-01
7.0813e+03  1.0002e+00
7.0822e+03  1.0048e+00
7.0831e+03  1.0028e+00
7.0840e+03  9.9882e-01
7.0849e+03  1.0049e+00
7.0858e+03  1.0029e+00
7.0867e+03  1.0064e+00
7.0876e+03  9.9668e-01
7.0885e+03  1.0060e+00
7.0894e+03  1.0002e+00
7.0903e+03  1.0048e+00
7.0912e+03  1.0033e+00
7.0921e+03  1.0045e+00
7.0930e+03  1.0039e+00
7.0939e+03  9.9550e-01
7.0948e+03  9.9615e-01
7.0957e+03  1.0025e+00
7.0966e+03  1.0008e+00
7.0975e+03  9.9924e-01
7.0984e+03  9.9455e-01
7.0994e+03  9.9527e-01
7.1003e+03  9.9886e-01
7.1012e+03  9.9874e-01
7.1021e+03  1.0043e+00
7.1030e+03  9.9545e-01
7.1039e+03  1.0019e+00
7.1048e+03  9.9951e-01
7.1057e+03  1.0013e+00
7.1066e+03  1.0065e+00
7.1075e+03  1.0013e+00
7.1084e+03  1.0001e+00
7.1093e+03  9.9589e-01
7.1102e+03  9.9557e-01
7.1111e+03  9.9881e-01
7.1120e+03  9.9782e-01
7.1130e+03  9.9475e-01
7.1139e+03  9.9876e-01
7.1148e+03  9.8899e-01
7.1157e+03  9.8908e-01
7.1166e+03  9.9385e-01
7.1175e+03  9.8419e-01
7.1184e+03  9.9481e-01
7.1193e+03  9.8734e-01
7.1202e+03  9.9433e-01
7.1211e+03  9.9830e-01
7.1220e+03  9.9742e-01
7.1230e+03  1.0012e+00
7.1239e+03  1.0030e+00
7.1248e+03  1.0014e+00
7.1257e+03  1.0004e+00
7.1266e+03  1.0048e+00
7.1275e+03  1.0027e+00
7.1284e+03  1.0007e+00
7.1293e+03  1.0008e+00
7.1302e+03  1.0029e+00
7.1311e+03  9.9550e-01
7.1320e+03  9.9988e-01
7.1329e+03  9.9934e-01
7.1339e+03  1.0027e+00
7.1348e+03  1.0022e+00
7.1357e+03  1.0062e+00
7.1366e+03  1.0061e+00
7.1375e+03  1.0030e+00
7.1384e+03  9.9715e-01
7.1393e+03  1.0031e+00
7.1402e+03  9.9966e-01
7.1411e+03  1.0074e+00
7.1421e+03  1.0087e+00
7.1430e+03  9.9767e-01
7.1439e+03  1.0119e+00
7.1448e+03  1.0049e+00
7.1457e+03  1.0071e+00
7.1466e+03  1.0056e+00
7.1475e+03  9.9597e-01
7.1484e+03  1.0017e+00
7.1493e+03  9.9428e-01
7.1502e+03  9.9571e-01
7.1512e+03  9.9155e-01
7.1521e+03  1.0064e+00
7.1530e+03  1.0009e+00
7.1539e+03  1.0033e+00
7.1548e+03  9.9884e-01
7.1557e+03  1.0044e+00
7.1566e+03  9.9202e-01
7.1576e+03  9.9570e-01
7.1585e+03  1.0030e+00
7.1594e+03  1.0079e+00
7.1603e+03  9.9266e-01
7.1612e+03  1.0038e+00
7.1621e+03  9.9864e-01
7.1630e+03  9.9567e-01
7.1640e+03  9.9909e-01
7.1649e+03  9.9512e-01
7.1658e+03  9.9016e-01
7.1667e+03  9.8196e-01
7.1676e+03  9.8505e-01
7.1685e+03  9.7502e-01
7.1694e+03  9.6672e-01
7.1704e+03  9.7773e-01
7.1713e+03  9.6503e-01
7.1722e+03  9.6767e-01
7.1731e+03  9.5706e-01
7.1740e+03  9.6134e-01
7.1749e+03  9.5337e-01
7.1758e+03  9.4612e-01
7.1768e+03  9.5964e-01
7.1777e+03  9.5637e-01
7.1786e+03  9.6471e-01
7.1795e+03  9.6307e-01
7.1804e+03  9.6493e-01
7.1813e+03  9.7350e-01
7.1823e+03  9.6981e-01
7.1832e+03  9.4987e-01
7.1841e+03  9.4431e-01
7.1850e+03  9.4011e-01
7.1859e+03  9.1733e-01
7.1868e+03  9.2605e-01
7.1878e+03  9.3660e-01
7.1887e+03  9.3592e-01
7.1896e+03  9.4125e-01
7.1905e+03  9.3994e-01
7.1914e+03  9.4112e-01
7.1923e+03  9.3336e-01
7.1933e+03  9.3512e-01
7.1942e+03  9.3732e-01
7.1951e+03  9.4636e-01
7.1960e+03  9.5675e-01
7.1969e+03  9.5696e-01
7.1979e+03  9.6475e-01
7.1988e+03  9.5622e-01
7.1997e+03  9.4045e-01
7.2006e+03  9.3731e-01
7.2015e+03  9.5109e-01
7.2024e+03  9.3997e-01
7.2034e+03  9.3811e-01
7.2043e+03  9.4311e-01
7.2052e+03  9.3955e-01
7.2061e+03  9.4355e-01
7.2070e+03  9.5632e-01
7.2080e+03  9.5738e-01
7.2089e+03  9.6340e-01
7.2098e+03  9.6516e-01
7.2107e+03  9.9378e-01
7.2116e+03  9.9367e-01
7.2126e+03  9.8476e-01
7.2135e+03  9.9899e-01
7.2144e+03  9.9605e-01
7.2153e+03  9.9343e-01
7.2162e+03  9.9197e-01
7.2172e+03  9.8514e-01
7.2181e+03  9.9318e-01
7.2190e+03  9.8796e-01
7.2199e+03  9.9122e-01
7.2208e+03  9.9728e-01
7.2218e+03  9.9252e-01
7.2227e+03  9.9385e-01
7.2236e+03  9.8819e-01
7.2245e+03  9.8913e-01
7.2255e+03  9.7995e-01
7.2264e+03  9.7471e-01
7.2273e+03  9.8507e-01
7.2282e+03  9.8748e-01
7.2291e+03  9.8299e-01
7.2301e+03  9.8741e-01
7.2310e+03  9.7718e-01
7.2319e+03  9.6439e-01
7.2328e+03  9.6012e-01
7.2338e+03  9.4805e-01
7.2347e+03  9.4044e-01
7.2356e+03  9.5055e-01
7.2365e+03  9.5623e-01
7.2375e+03  9.7037e-01
7.2384e+03  9.6119e-01
7.2393e+03  9.4571e-01
7.2402e+03  9.4564e-01
7.2411e+03  9.6792e-01
7.2421e+03  9.3876e-01
7.2430e+03  9.4639e-01
7.2439e+03  9.4954e-01
7.2448e+03  9.5419e-01
7.2458e+03  9.5803e-01
7.2467e+03  9.6656e-01
7.2476e+03  9.7100e-01
7.2485e+03  9.7426e-01
7.2495e+03  9.6976e-01
7.2504e+03  9.7895e-01
7.2513e+03  9.5018e-01
7.2522e+03  9.4113e-01
7.2532e+03  9.6222e-01
7.2541e+03  9.5523e-01
7.2550e+03  9.6119e-01
7.2559e+03  9.6313e-01
7.2569e+03  9.5952e-01
7.2578e+03  9.7369e-01
7.2587e+03  9.7694e-01
7.2596e+03  9.8109e-01
7.2606e+03  9.7790e-01
7.2615e+03  9.7533e-01
7.2624e+03  9.7690e-01
7.2633e+03  9.6119e-01
7.2643e+03  9.6127e-01
7.2652e+03  9.5840e-01
7.2661e+03  9.6921e-01
7.2670e+03  9.7148e-01
7.2680e+03  9.6661e-01
7.2689e+03  9.7161e-01
7.2698e+03  9.8690e-01
7.2708e+03  9.8298e-01
7.2717e+03  9.5978e-01
7.2726e+03  9.6676e-01
7.2735e+03  9.6405e-01
7.2745e+03  9.5611e-01
7.2754e+03  9.5485e-01
7.2763e+03  9.4571e-01
7.2773e+03  9.4631e-01
7.2782e+03  9.5064e-01
7.2791e+03  9.5495e-01
7.2800e+03  9.7123e-01
7.2810e+03  9.6401e-01
7.2819e+03  9.7458e-01
7.2828e+03  9.8199e-01
7.2838e+03  9.8083e-01
7.2847e+03  9.9785e-01
7.2856e+03  9.8152e-01
7.2866e+03  9.7877e-01
7.2875e+03  9.7849e-01
7.2884e+03  9.7658e-01
7.2894e+03  9.5955e-01
7.2903e+03  9.5426e-01
7.2912e+03  9.6650e-01
7.2921e+03  9.5637e-01
7.2931e+03  9.7345e-01
7.2940e+03  9.7284e-01
7.2949e+03  9.7628e-01
7.2959e+03  9.8150e-01
7.2968e+03  9.8703e-01
7.2977e+03  9.8640e-01
7.2986e+03  9.9436e-01
7.2996e+03  9.8188e-01
7.3005e+03  9.8449e-01
7.3014e+03  9.8798e-01
7.3024e+03  9.7383e-01
7.3033e+03  9.7302e-01
7.3042e+03  9.7453e-01
7.3052e+03  9.8648e-01
7.3061e+03  9.8137e-01
7.3070e+03  9.8207e-01
7.3080e+03  9.7401e-01
7.3089e+03  9.8382e-01
7.3098e+03  9.8965e-01
7.3108e+03  9.9149e-01
7.3117e+03  9.7861e-01
7.3126e+03  9.8376e-01
7.3136e+03  9.8448e-01
7.3145e+03  9.8161e-01
7.3154e+03  9.7954e-01
7.3164e+03  9.7776e-01
7.3173e+03  9.7196e-01
7.3182e+03  9.8500e-01
7.3192e+03  9.7515e-01
7.3201e+03  9.8683e-01
7.3210e+03  9.9399e-01
7.3220e+03  1.0006e+00
7.3229e+03  9.9290e-01
7.3238e+03  1.0027e+00
7.3248e+03  1.0109e+00
7.3257e+03  9.9997e-01
7.3266e+03  9.9711e-01
7.3276e+03  1.0029e+00
7.3285e+03  1.0015e+00
7.3294e+03  9.9572e-01
7.3304e+03  9.9801e-01
7.3313e+03  9.9604e-01
7.3322e+03  1.0005e+00
7.3332e+03  9.8788e-01
7.3341e+03  9.9057e-01
7.3350e+03  9.8785e-01
7.3360e+03  9.8770e-01
7.3369e+03  1.0049e+00
7.3379e+03  9.9759e-01
7.3388e+03  1.0124e+00
7.3397e+03  1.0042e+00
7.3407e+03  1.0056e+00
7.3416e+03  1.0175e+00
7.3425e+03  1.0092e+00
7.3435e+03  1.0109e+00
7.3444e+03  1.0041e+00
7.3454e+03  1.0100e+00
7.3463e+03  1.0063e+00
7.3472e+03  1.0069e+00
7.3482e+03  1.0069e+00
7.3491e+03  1.0096e+00
7.3500e+03  1.0093e+00
7.3510e+03  1.0035e+00
7.3519e+03  1.0003e+00
7.3529e+03  9.9237e-01
7.3538e+03  1.0088e+00
7.3547e+03  1.0146e+00
7.3557e+03  9.9411e-01
7.3566e+03  1.0022e+00
7.3575e+03  1.0051e+00
7.3585e+03  1.0009e+00
7.3594e+03  9.9224e-01
7.3604e+03  9.9595e-01
7.3613e+03  9.9973e-01
7.3622e+03  1.0031e+00
7.3632e+03  1.0064e+00
7.3641e+03  1.0047e+00
7.3651e+03  9.9740e-01
7.3660e+03  1.0068e+00
7.3669e+03  1.0009e+00
7.3679e+03  9.9977e-01
7.3688e+03  1.0024e+00
7.3698e+03  1.0016e+00
7.3707e+03  9.9608e-01
7.3716e+03  1.0041e+00
7.3726e+03  1.0022e+00
7.3735e+03  1.0050e+00
7.3745e+03  1.0047e+00
7.3754e+03  1.0073e+00
7.3763e+03  1.0049e+00
7.3773e+03  1.0115e+00
7.3782e+03  1.0001e+00
7.3792e+03  1.0100e+00
7.3801e+03  1.0017e+00
7.3810e+03  9.9876e-01
7.3820e+03  1.0027e+00
7.3829e+03  9.9149e-01
7.3839e+03  1.0024e+00
7.3848e+03  9.9931e-01
7.3858e+03  1.0092e+00
7.3867e+03  1.0074e+00
7.3876e+03  1.0111e+00
7.3886e+03  1.0061e+00
7.3895e+03  9.8952e-01
7.3905e+03  9.9813e-01
7.3914e+03  9.9890e-01
7.3924e+03  1.0073e+00
7.3933e+03  9.9420e-01
7.3942e+03  1.0049e+00
7.3952e+03  1.0058e+00
7.3961e+03  1.0019e+00
7.3971e+03  1.0000e+00
7.3980e+03  9.9357e-01
7.3990e+03  9.9220e-01
7.3999e+03  1.0011e+00
7.4009e+03  1.0106e+00
7.4018e+03  1.0009e+00
7.4027e+03  1.0021e+00
7.4037e+03  9.9650e-01
7.4046e+03  9.9823e-01
7.4056e+03  9.9803e-01
7.4065e+03  9.9914e-01
7.4075e+03  1.0000e+00
7.4084e+03  9.9963e-01
7.4094e+03  9.9649e-01
7.4103e+03  1.0002e+00
7.4112e+03  9.9589e-01
7.4122e+03  9.9346e-01
7.4131e+03  1.0003e+00
7.4141e+03  9.9736e-01
7.4150e+03  1.0070e+00
7.4160e+03  1.0095e+00
7.4169e+03  1.0075e+00
7.4179e+03  9.9824e-01
7.4188e+03  9.9846e-01
7.4198e+03  9.9888e-01
7.4207e+03  1.0035e+00
7.4217e+03  9.9083e-01
7.4226e+03  1.0092e+00
7.4235e+03  9.9069e-01
7.4245e+03  1.0029e+00
7.4254e+03  9.8639e-01
7.4264e+03  1.0070e+00
7.4273e+03  9.9388e-01
7.4283e+03  1.0062e+00
7.4292e+03  9.9625e-01
7.4302e+03  1.0018e+00
7.4311e+03  9.9432e-01
7.4321e+03  9.9748e-01
7.4330e+03  1.0028e+00
7.4340e+03  1.0077e+00
7.4349e+03  1.0010e+00
7.4359e+03  9.9766e-01
7.4368e+03  1.0031e+00
7.4378e+03  1.0017e+00
7.4387e+03  1.0082e+00
7.4397e+03  1.0088e+00
7.4406e+03  9.9736e-01
7.4416e+03  9.9087e-01
7.4425e+03  9.9267e-01
7.4435e+03  9.9370e-01
7.4444e+03  9.9839e-01
7.4454e+03  9.9854e-01
7.4463e+03  9.9840e-01
7.4473e+03  9.9668e-01
7.4482e+03  9.9972e-01
7.4492e+03  9.9198e-01
7.4501e+03  9.9773e-01
7.4511e+03  9.9800e-01
7.4520e+03  1.0063e+00
7.4530e+03  9.9995e-01
7.4539e+03  9.9987e-01
7.4549e+03  9.9578e-01
7.4558e+03  9.9093e-01
7.4568e+03  9.9416e-01
7.4577e+03  9.9308e-01
7.4587e+03  9.9145e-01
7.4596e+03  9.8552e-01
7.4606e+03  1.0008e+00
7.4615e+03  9.9437e-01
7.4625e+03  9.9912e-01
7.4634e+03  9.8709e-01
7.4644e+03  9.9465e-01
7.4653e+03  9.9757e-01
7.4663e+03  9.9731e-01
7.4672e+03  9.8782e-01
7.4682e+03  9.9414e-01
7.4691e+03  9.9206e-01
7.4701e+03  9.9378e-01
7.4711e+03  9.9560e-01
7.4720e+03  9.9188e-01
7.4729e+03  9.9128e-01
7.4739e+03  9.9334e-01
7.4749e+03  9.9702e-01
7.4758e+03  9.9259e-01
7.4768e+03  1.0003e+00
7.4777e+03  1.0077e+00
7.4787e+03  9.9835e-01
7.4796e+03  9.9484e-01
7.4806e+03  9.9920e-01
7.4815e+03  9.9807e-01
7.4825e+03  9.9882e-01
7.4835e+03  9.8545e-01
7.4844e+03  9.8468e-01
7.4854e+03  9.8538e-01
7.4863e+03  9.9658e-01
7.4873e+03  9.9417e-01
7.4882e+03  9.8144e-01
7.4892e+03  9.9831e-01
7.4901e+03  9.9357e-01
7.4911e+03  9.9378e-01
7.4921e+03  9.9412e-01
7.4930e+03  9.9370e-01
7.4940e+03  9.9697e-01
7.4949e+03  9.9234e-01
7.4959e+03  9.8970e-01
7.4968e+03  9.9329e-01
7.4978e+03  9.9994e-01
7.4988e+03  9.8781e-01
7.4997e+03  9.8731e-01
7.5007e+03  9.9814e-01
7.5016e+03  9.8771e-01
7.5026e+03  9.9179e-01
7.5035e+03  9.9586e-01
7.5045e+03  9.8466e-01
7.5055e+03  9.8439e-01
7.5064e+03  9.9041e-01
7.5074e+03  9.9686e-01
7.5083e+03  9.8741e-01
7.5093e+03  9.9284e-01
7.5102e+03  9.9057e-01
7.5112e+03  9.9081e-01
7.5122e+03  9.8867e-01
7.5131e+03  9.8317e-01
7.5141e+03  9.7745e-01
7.5150e+03  9.8118e-01
7.5160e+03  9.9264e-01
7.5169e+03  9.9069e-01
7.5179e+03  9.9481e-01
7.5189e+03  9.9798e-01
7.5198e+03  9.8905e-01
7.5208e+03  9.8641e-01
7.5217e+03  9.9700e-01
7.5227e+03  9.9039e-01
7.5237e+03  9.9144e-01
7.5246e+03  9.9754e-01
7.5256e+03  9.8179e-01
7.5265e+03  9.7599e-01
7.5275e+03  9.9227e-01
7.5285e+03  9.9461e-01
7.5294e+03  9.9076e-01
7.5304e+03  9.9508e-01
7.5314e+03  9.9363e-01
7.5323e+03  9.8491e-01
7.5333e+03  9.7265e-01
7.5342e+03  9.7969e-01
7.5352e+03  9.7847e-01
7.5362e+03  9.9200e-01
7.5371e+03  9.7910e-01
7.5381e+03  9.8607e-01
7.5390e+03  9.8030e-01
7.5400e+03  9.8071e-01
7.5400e+03  1.0000e+00
7.5402e+03  1.0000e+00
7.5405e+03  1.0000e+00
7.5408e+03  1.0000e+00
7.5410e+03  1.0000e+00
7.5412e+03  1.0000e+00
7.5415e+03  1.0000e+00
7.5418e+03  1.0000e+00
7.5420e+03  1.0000e+00
7.5422e+03  1.0000e+00
7.5425e+03  1.0000e+00
7.5428e+03  1.0000e+00
7.5430e+03  1.0000e+00
7.5432e+03  1.0000e+00
7.5435e+03  1.0000e+00
7.5438e+03  1.0000e+00
7.5440e+03  1.0000e+00
7.5442e+03  1.0000e+00
7.5445e+03  1.0000e+00
7.5448e+03  1.0000e+00
7.5450e+03  1.0000e+00
7.5452e+03  1.0000e+00
7.5455e+03  1.0000e+00
7.5458e+03  1.0000e+00
7.5460e+03  1.0000e+00
7.5462e+03  1.0000e+00
7.5465e+03  1.0000e+00
7.5468e+03  1.0000e+00
7.5470e+03  1.0000e+00
7.5472e+03  1.0000e+00
7.5475e+03  1.0000e+00
7.5478e+03  1.0000e+00
7.5480e+03  1.0000e+00
7.5482e+03  1.0000e+00
7.5485e+03  1.0000e+00
7.5488e+03  1.0000e+00
7.5490e+03  1.0000e+00
7.5492e+03  1.0000e+00
7.5495e+03  1.0000e+00
7.5498e+03  1.0000e+00
7.5500e+03  1.0000e+00
7.5502e+03  1.0000e+00
7.5505e+03  1.0000e+00
7.5508e+03  1.0000e+00
7.5510e+03  1.0000e+00
7.5512e+03  1.0000e+00
7.5515e+03  1.0000e+00
7.5518e+03  1.0000e+00
7.5520e+03  1.0000e+00
7.5522e+03  1.0000e+00
7.5525e+03  1.0000e+00
7.5528e+03  1.0000e+00
7.5530e+03  1.0000e+00
7.5532e+03  1.0000e+00
7.5535e+03  1.0000e+00
7.5538e+03  1.0000e+00
7.5540e+03  1.0000e+00
7.5542e+03  1.0000e+00
7.5545e+03  1.0000e+00
7.5548e+03  1.0000e+00
7.5550e+03  1.0000e+00
7.5552e+03  1.0000e+00
7.5555e+03  1.0000e+00
7.5558e+03  1.0000e+00
7.5560e+03  1.0000e+00
7.5562e+03  1.0000e+00
7.5565e+03  1.0000e+00
7.5568e+03  1.0000e+00
7.5570e+03  1.0000e+00
7.5572e+03  1.0000e+00
7.5575e+03  1.0000e+00
7.5578e+03  1.0000e+00
7.5580e+03  1.0000e+00
7.5582e+03  1.0000e+00
7.5585e+03  1.0000e+00
7.5588e+03  1.0000e+00
7.5590e+03  1.0000e+00
7.5592e+03  1.0000e+00
7.5595e+03  1.0000e+00
7.5598e+03  1.0000e+00
7.5600e+03  1.0000e+00
7.5602e+03  1.0000e+00
7.5605e+03  1.0000e+00
7.5608e+03  1.0000e+00
7.5610e+03  1.0000e+00
7.5612e+03  1.0000e+00
7.5615e+03  1.0000e+00
7.5618e+03  1.0000e+00
7.5620e+03  1.0000e+00
7.5622e+03  1.0000e+00
7.5625e+03  1.0000e+00
7.5628e+03  1.0000e+00
7.5630e+03  1.0000e+00
7.5632e+03  1.0000e+00
7.5635e+03  1.0000e+00
7.5638e+03  1.0000e+00
7.5640e+03  1.0000e+00
7.5642e+03  1.0000e+00
7.5645e+03  1.0000e+00
7.5648e+03  1.0000e+00
7.5650e+03  1.0000e+00
7.5652e+03  1.0000e+00
7.5655e+03  1.0000e+00
7.5658e+03  1.0000e+00
7.5660e+03  1.0000e+00
7.5662e+03  1.0000e+00
7.5665e+03  1.0000e+00
7.5668e+03  1.0000e+00
7.5670e+03  1.0000e+00
7.5672e+03  1.0000e+00
7.5675e+03  1.0000e+00
7.5678e+03  1.0000e+00
7.5680e+03  1.0000e+00
7.5682e+03  1.0000e+00
7.5685e+03  1.0000e+00
7.5688e+03  1.0000e+00
7.5690e+03  1.0000e+00
7.5692e+03  1.0000e+00
7.5695e+03  1.0000e+00
7.5698e+03  1.0000e+00
7.5700e+03  1.0000e+00
7.5702e+03  1.0000e+00
7.5705e+03  1.0000e+00
7.5708e+03  1.0000e+00
7.5710e+03  1.0000e+00
7.5712e+03  1.0000e+00
7.5715e+03  1.0000e+00
7.5718e+03  1.0000e+00
7.5720e+03  1.0000e+00
7.5722e+03  1.0000e+00
7.5725e+03  1.0000e+00
7.5728e+03  1.0000e+00
7.5730e+03  1.0000e+00
7.5732e+03  1.0000e+00
7.5735e+03  1.0000e+00
7.5738e+03  1.0000e+00
7.5740e+03  1.0000e+00
7.5742e+03  1.0000e+00
7.5745e+03  1.0000e+00
7.5748e+03  1.0000e+00
7.5750e+03  1.0000e+00
7.5752e+03  1.0000e+00
7.5755e+03  1.0000e+00
7.5758e+03  1.0000e+00
7.5760e+03  1.0000e+00
7.5762e+03  1.0000e+00
7.5765e+03  1.0000e+00
7.5768e+03  1.0000e+00
7.5770e+03  1.0000e+00
7.5772e+03  1.0000e+00
7.5775e+03  1.0000e+00
7.5778e+03  1.0000e+00
7.5780e+03  1.0000e+00
7.5782e+03  1.0000e+00
7.5785e+03  1.0000e+00
7.5788e+03  1.0000e+00
7.5790e+03  1.0000e+00
7.5792e+03  1.0000e+00
7.5795e+03  1.0000e+00
7.5798e+03  1.0000e+00
7.5800e+03  1.0000e+00
7.5802e+03  1.0000e+00
7.5805e+03  1.0000e+00
7.5808e+03  1.0000e+00
7.5810e+03  1.0000e+00
7.5812e+03  1.0000e+00
7.5815e+03  1.0000e+00
7.5818e+03  1.0000e+00
7.5820e+03  1.0000e+00
7.5822e+03  1.0000e+00
7.5825e+03  1.0000e+00
7.5828e+03  1.0000e+00
7.5830e+03  1.0000e+00
7.5832e+03  1.0000e+00
7.5835e+03  1.0000e+00
7.5838e+03  1.0000e+00
7.5840e+03  1.0000e+00
7.5842e+03  1.0000e+00
7.5845e+03  1.0000e+00
7.5848e+03  1.0000e+00
7.5850e+03  1.0000e+00
7.5852e+03  1.0000e+00
7.5855e+03  1.0000e+00
7.5858e+03  1.0000e+00
7.5860e+03  1.0000e+00
7.5862e+03  1.0000e+00
7.5865e+03  1.0000e+00
7.5868e+03  1.0000e+00
7.5870e+03  1.0000e+00
7.5872e+03  1.0000e+00
7.5875e+03  1.0000e+00
7.5878e+03  1.0000e+00
7.5880e+03  1.0000e+00
7.5882e+03  1.0000e+00
7.5885e+03  1.0000e+00
7.5888e+03  1.0000e+00
7.5890e+03  1.0000e+00
7.5892e+03  1.0000e+00
7.5895e+03  1.0000e+00
7.5898e+03  1.0000e+00
7.5900e+03  9.9977e-01
7.5902e+03  1.0028e+00
7.5905e+03  9.9987e-01
7.5908e+03  9.9609e-01
7.5910e+03  9.9725e-01
7.5912e+03  9.9245e-01
7.5915e+03  9.8537e-01
7.5918e+03  9.8081e-01
7.5920e+03  9.7096e-01
7.5922e+03  9.4252e-01
7.5925e+03  8.9600e-01
7.5928e+03  8.4836e-01
7.5930e+03  8.0151e-01
7.5932e+03  7.6184e-01
7.5935e+03  7.2147e-01
7.5938e+03  6.8371e-01
7.5940e+03  6.5674e-01
7.5942e+03  6.3723e-01
7.5945e+03  6.1006e-01
7.5948e+03  5.7922e-01
7.5950e+03  5.5571e-01
7.5952e+03  5.5103e-01
7.5955e+03  5.6103e-01
7.5958e+03  5.6849e-01
7.5960e+03  5.6952e-01
7.5962e+03  5.8138e-01
7.5965e+03  6.0428e-01
7.5968e+03  6.2740e-01
7.5970e+03  6.2175e-01
7.5972e+03  5.9627e-01
7.5975e+03  5.6671e-01
7.5978e+03  5.4555e-01
7.5980e+03  5.3985e-01
7.5982e+03  5.4309e-01
7.5985e+03  5.3526e-01
7.5988e+03  5.1050e-01
7.5990e+03  4.7479e-01
7.5992e+03  4.4398e-01
7.5995e+03  4.3275e-01
7.5998e+03  4.4202e-01
7.6000e+03  4.5255e-01
7.6002e+03  4.5946e-01
7.6005e+03  4.5679e-01
7.6008e+03  4.3418e-01
7.6010e+03  4.0309e-01
7.6012e+03  3.8506e-01
7.6015e+03  3.8929e-01
7.6018e+03  4.1079e-01
7.6020e+03  4.2639e-01
7.6022e+03  4.3118e-01
7.6025e+03  4.2954e-01
7.6028e+03  4.1411e-01
7.6030e+03  3.8559e-01
7.6032e+03  3.6653e-01
7.6035e+03  3.7084e-01
7.6038e+03  3.8979e-01
7.6040e+03  4.0368e-01
7.6042e+03  4.0864e-01
7.6045e+03  4.1196e-01
7.6048e+03  4.1888e-01
7.6050e+03  4.2302e-01
7.6052e+03  4.0966e-01
7.6055e+03  3.9814e-01
7.6058e+03  3.9877e-01
7.6060e+03  4.0601e-01
7.6062e+03  4.0730e-01
7.6065e+03  4.0334e-01
7.6068e+03  4.1136e-01
7.6070e+03  4.3746e-01
7.6072e+03  4.5580e-01
7.6075e+03  4.7007e-01
7.6078e+03  4.7207e-01
7.6080e+03  4.6299e-01
7.6082e+03  4.5243e-01
7.6085e+03  4.4541e-01
7.6088e+03  4.3140e-01
7.6090e+03  4.1650e-01
7.6092e+03  4.2080e-01
7.6095e+03  4.5166e-01
7.6098e+03  4.9687e-01
7.6100e+03  5.3939e-01
7.6102e+03  5.6985e-01
7.6105e+03  5.7696e-01
7.6108e+03  5.5904e-01
7.6110e+03  5.3474e-01
7.6112e+03  5.1211e-01
7.6115e+03  4.9063e-01
7.6118e+03  4.7654e-01
7.6120e+03  4.8649e-01
7.6122e+03  5.2467e-01
7.6125e+03  5.7754e-01
7.6128e+03  6.3784e-01
7.6130e+03  6.8866e-01
7.6132e+03  7.1632e-01
7.6135e+03  7.1394e-01
7.6138e+03  6.8458e-01
7.6140e+03  6.4930e-01
7.6142e+03  6.2666e-01
7.6145e+03  6.0802e-01
7.6148e+03  6.0112e-01
7.6150e+03  6.1862e-01
7.6152e+03  6.6191e-01
7.6155e+03  7.1759e-01
7.6158e+03  7.7624e-01
7.6160e+03  8.3490e-01
7.6162e+03  8.8792e-01
7.6165e+03  9.2863e-01
7.6168e+03  9.5735e-01
7.6170e+03  9.7472e-01
7.6172e+03  9.7822e-01
7.6175e+03  9.7511e-01
7.6178e+03  9.7218e-01
7.6180e+03  9.7142e-01
7.6182e+03  9.6738e-01
7.6185e+03  9.5894e-01
7.6188e+03  9.4622e-01
7.6190e+03  9.2361e-01
7.6192e+03  8.8055e-01
7.6195e+03  8.1826e-01
7.6198e+03  7.4923e-01
7.6200e+03  6.9911e-01
7.6202e+03  6.8438e-01
7.6205e+03  7.0218e-01
7.6208e+03  7.3809e-01
7.6210e+03  7.8777e-01
7.6212e+03  8.2015e-01
7.6215e+03  8.1767e-01
7.6218e+03  7.7635e-01
7.6220e+03  7.0907e-01
7.6222e+03  6.4346e-01
7.6225e+03  6.0186e-01
7.6228e+03  5.6471e-01
7.6230e+03  5.3040e-01
7.6232e+03  5.1748e-01
7.6235e+03  5.2522e-01
7.6238e+03  5.5661e-01
7.6240e+03  6.1003e-01
7.6242e+03  6.7278e-01
7.6245e+03  7.4123e-01
7.6248e+03  8.0111e-01
7.6250e+03  8.2659e-01
7.6252e+03  8.0509e-01
7.6255e+03  7.4304e-01
7.6258e+03  6.6513e-01
7.6260e+03  5.9830e-01
7.6262e+03  5.4304e-01
7.6265e+03  5.0295e-01
7.6268e+03  4.7442e-01
7.6270e+03  4.6282e-01
7.6272e+03  4.8061e-01
7.6275e+03  5.2830e-01
7.6278e+03  5.9010e-01
7.6280e+03  6.6287e-01
7.6282e+03  7.4210e-01
7.6285e+03  8.0047e-01
7.6288e+03  8.3401e-01
7.6290e+03  8.3683e-01
7.6292e+03  7.9910e-01
7.6295e+03  7.2362e-01
7.6298e+03  6.4682e-01
7.6300e+03  5.8102e-01
7.6302e+03  5.3068e-01
7.6305e+03  4.8820e-01
7.6308e+03  4.5699e-01
7.6310e+03  4.5394e-01
7.6312e+03  4.8944e-01
7.6315e+03  5.3723e-01
7.6318e+03  6.0543e-01
7.6320e+03  6.8865e-01
7.6322e+03  7.6206e-01
7.6325e+03  8.1750e-01
7.6328e+03  8.5493e-01
7.6330e+03  8.6683e-01
7.6332e+03  8.4875e-01
7.6335e+03  7.9664e-01
7.6338e+03  7.2079e-01
7.6340e+03  6.4160e-01
7.6342e+03  5.7544e-01
7.6345e+03  5.2737e-01
7.6348e+03  4.9216e-01
7.6350e+03  4.5980e-01
7.6352e+03  4.6634e-01
7.6355e+03  5.1094e-01
7.6358e+03  5.7546e-01
7.6360e+03  6.4994e-01
7.6362e+03  7.2905e-01
7.6365e+03  8.0228e-01
7.6368e+03  8.6030e-01
7.6370e+03  8.9240e-01
7.6372e+03  9.0210e-01
7.6375e+03  8.9033e-01
7.6378e+03  8.5270e-01
7.6380e+03  7.8739e-01
7.6382e+03  7.0571e-01
7.6385e+03  6.3501e-01
7.6388e+03  5.8397e-01
7.6390e+03  5.3685e-01
7.6392e+03  5.0243e-01
7.6395e+03  4.9342e-01
7.6398e+03  5.1490e-01
7.6400e+03  5.6370e-01
7.6402e+03  6.3743e-01
7.6405e+03  7.2065e-01
7.6408e+03  7.9702e-01
7.6410e+03  8.5930e-01
7.6412e+03  8.9984e-01
7.6415e+03  9.1814e-01
7.6418e+03  9.2306e-01
7.6420e+03  9.1610e-01
7.6422e+03  8.9413e-01
7.6425e+03  8.4751e-01
7.6428e+03  7.7765e-01
7.6430e+03  7.0282e-01
7.6432e+03  6.4291e-01
7.6435e+03  6.0124e-01
7.6438e+03  5.6111e-01
7.6440e+03  5.4388e-01
7.6442e+03  5.6002e-01
7.6445e+03  5.9820e-01
7.6448e+03  6.5073e-01
7.6450e+03  7.1757e-01
7.6452e+03  7.9498e-01
7.6455e+03  8.6231e-01
7.6458e+03  9.0996e-01
7.6460e+03  9.3419e-01
7.6462e+03  9.4847e-01
7.6465e+03  9.5400e-01
7.6468e+03  9.4718e-01
7.6470e+03  9.3021e-01
7.6472e+03  8.9890e-01
7.6475e+03  8.3367e-01
7.6478e+03  7.6959e-01
7.6480e+03  7.1253e-01
7.6482e+03  6.6637e-01
7.6485e+03  6.3383e-01
7.6488e+03  6.1425e-01
7.6490e+03  6.1305e-01
7.6492e+03  6.4244e-01
7.6495e+03  6.8866e-01
7.6498e+03  7.4657e-01
7.6500e+03  8.1229e-01
7.6502e+03  8.7195e-01
7.6505e+03  9.0953e-01
7.6508e+03  9.4049e-01
7.6510e+03  9.5428e-01
7.6512e+03  9.5967e-01
7.6515e+03  9.6141e-01
7.6518e+03  9.6006e-01
7.6520e+03  9.5293e-01
7.6522e+03  9.3287e-01
7.6525e+03  8.8339e-01
7.6528e+03  8.2720e-01
7.6530e+03  7.7701e-01
7.6532e+03  7.3942e-01
7.6535e+03  7.0846e-01
7.6538e+03  6.8351e-01
7.6540e+03  6.7861e-01
7.6542e+03  7.0411e-01
7.6545e+03  7.4351e-01
7.6548e+03  7.8458e-01
7.6550e+03  8.3477e-01
7.6552e+03  8.8880e-01
7.6555e+03  9.3070e-01
7.6558e+03  9.5215e-01
7.6560e+03  9.6477e-01
7.6562e+03  9.6660e-01
7.6565e+03  9.5784e-01
7.6568e+03  9.4389e-01
7.6570e+03  9.2778e-01
7.6572e+03  9.1331e-01
7.6575e+03  9.0137e-01
7.6578e+03  8.7213e-01
7.6580e+03  8.3331e-01
7.6582e+03  8.0930e-01
7.6585e+03  7.9025e-01
7.6588e+03  7.7568e-01
7.6590e+03  7.6014e-01
7.6592e+03  7.3255e-01
7.6595e+03  7.2625e-01
7.6598e+03  7.9815e-01
7.6600e+03  8.4129e-01
7.6602e+03  8.7393e-01
7.6605e+03  9.1527e-01
7.6608e+03  9.5382e-01
7.6610e+03  9.7110e-01
7.6612e+03  9.7768e-01
7.6615e+03  9.8093e-01
7.6618e+03  9.9068e-01
7.6620e+03  9.9548e-01
7.6622e+03  9.8980e-01
7.6625e+03  9.8293e-01
7.6628e+03  9.8326e-01
7.6630e+03  9.6754e-01
7.6632e+03  9.4146e-01
7.6635e+03  9.0769e-01
7.6638e+03  8.7543e-01
7.6640e+03  8.4915e-01
7.6642e+03  8.2894e-01
7.6645e+03  8.1566e-01
7.6648e+03  8.1399e-01
7.6650e+03  8.1743e-01
7.6652e+03  8.4514e-01
7.6655e+03  8.7243e-01
7.6658e+03  9.0030e-01
7.6660e+03  9.3484e-01
7.6662e+03  9.6257e-01
7.6665e+03  9.7975e-01
7.6668e+03  9.8893e-01
7.6670e+03  9.9384e-01
7.6672e+03  9.9296e-01
7.6675e+03  9.9004e-01
7.6678e+03  9.8957e-01
7.6680e+03  9.9054e-01
7.6682e+03  9.8856e-01
7.6685e+03  9.8728e-01
7.6688e+03  9.7485e-01
7.6690e+03  9.5040e-01
7.6692e+03  9.2265e-01
7.6695e+03  9.0090e-01
7.6698e+03  8.8584e-01
7.6700e+03  8.6823e-01
7.6702e+03  8.5891e-01
7.6705e+03  8.6313e-01
7.6708e+03  8.7176e-01
7.6710e+03  8.8527e-01
7.6712e+03  9.0673e-01
7.6715e+03  9.3107e-01
7.6718e+03  9.5035e-01
7.6720e+03  9.6760e-01
7.6722e+03  9.7761e-01
7.6725e+03  9.8160e-01
7.6728e+03  9.8434e-01
7.6730e+03  9.8742e-01
7.6732e+03  9.8910e-01
7.6735e+03  9.9477e-01
7.6738e+03  9.9644e-01
7.6740e+03  9.9228e-01
7.6742e+03  9.8916e-01
7.6745e+03  9.8684e-01
7.6748e+03  9.7937e-01
7.6750e+03  9.6414e-01
7.6752e+03  9.4701e-01
7.6755e+03  9.3130e-01
7.6758e+03  9.1810e-01
7.6760e+03  9.1007e-01
7.6762e+03  9.0421e-01
7.6765e+03  9.0055e-01
7.6768e+03  9.0631e-01
7.6770e+03  9.2428e-01
7.6772e+03  9.3668e-01
7.6775e+03  9.5432e-01
7.6778e+03  9.7405e-01
7.6780e+03  9.8809e-01
7.6782e+03  9.9289e-01
7.6785e+03  9.9197e-01
7.6788e+03  9.8976e-01
7.6790e+03  9.9661e-01
7.6792e+03  9.9696e-01
7.6795e+03  9.9588e-01
7.6798e+03  9.9535e-01
7.6800e+03  9.9466e-01
7.6802e+03  9.9482e-01
7.6805e+03  9.9458e-01
7.6808e+03  9.9195e-01
7.6810e+03  9.8717e-01
7.6812e+03  9.7332e-01
7.6815e+03  9.5837e-01
7.6818e+03  9.5017e-01
7.6820e+03  9.4321e-01
7.6822e+03  9.3149e-01
7.6825e+03  9.2433e-01
7.6828e+03  9.2566e-01
7.6830e+03  9.3811e-01
7.6832e+03  9.4979e-01
7.6835e+03  9.5550e-01
7.6838e+03  9.6479e-01
7.6840e+03  9.7343e-01
7.6842e+03  9.8487e-01
7.6845e+03  9.8970e-01
7.6848e+03  9.9099e-01
7.6850e+03  9.8945e-01
7.6852e+03  9.8762e-01
7.6855e+03  9.9044e-01
7.6858e+03  9.9195e-01
7.6860e+03  9.8716e-01
7.6862e+03  9.8814e-01
7.6865e+03  9.9242e-01
7.6868e+03  9.9447e-01
7.6870e+03  9.9282e-01
7.6872e+03  9.9043e-01
7.6875e+03  9.8888e-01
7.6878e+03  9.8659e-01
7.6880e+03  9.7717e-01
7.6882e+03  9.6850e-01
7.6885e+03  9.6225e-01
7.6888e+03  9.5643e-01
7.6890e+03  9.5246e-01
7.6892e+03  9.5327e-01
7.6895e+03  9.6245e-01
7.6898e+03  9.6729e-01
7.6900e+03  9.7020e-01
7.6902e+03  9.7470e-01
7.6905e+03  9.7776e-01
7.6908e+03  9.7241e-01
7.6910e+03  9.5864e-01
7.6912e+03  9.5497e-01
7.6915e+03  9.5685e-01
7.6918e+03  9.6280e-01
7.6920e+03  9.7200e-01
7.6922e+03  9.8042e-01
7.6925e+03  9.8433e-01
7.6928e+03  9.9218e-01
7.6930e+03  9.9464e-01
7.6932e+03  9.9396e-01
7.6935e+03  9.9573e-01
7.6938e+03  9.9914e-01
7.6940e+03  1.0001e+00
7.6942e+03  9.9578e-01
7.6945e+03  9.8320e-01
7.6948e+03  9.8223e-01
7.6950e+03  9.8515e-01
7.6952e+03  9.8135e-01
7.6955e+03  9.7478e-01
7.6958e+03  9.7427e-01
7.6960e+03  9.7934e-01
7.6962e+03  9.8024e-01
7.6965e+03  9.8205e-01
7.6968e+03  9.8764e-01
7.6970e+03  9.8780e-01
7.6972e+03  9.8501e-01
7.6975e+03  9.8643e-01
7.6978e+03  9.9106e-01
7.6980e+03  9.8999e-01
7.6982e+03  9.9027e-01
7.6985e+03  9.9014e-01
7.6988e+03  9.9130e-01
7.6990e+03  9.9237e-01
7.6992e+03  9.9134e-01
7.6995e+03  9.8971e-01
7.6998e+03  9.9275e-01
7.7000e+03  9.9573e-01
7.7002e+03  9.9512e-01
7.7005e+03  9.9193e-01
7.7008e+03  9.8859e-01
7.7010e+03  9.8722e-01
7.7012e+03  9.8855e-01
7.7015e+03  9.9211e-01
7.7018e+03  9.8437e-01
7.7020e+03  9.7823e-01
7.7022e+03  9.7918e-01
7.7025e+03  9.8371e-01
7.7028e+03  9.8565e-01
7.7030e+03  9.8332e-01
7.7032e+03  9.8053e-01
7.7035e+03  9.8309e-01
7.7038e+03  9.8189e-01
7.7040e+03  9.8104e-01
7.7042e+03  9.8235e-01
7.7045e+03  9.8557e-01
7.7048e+03  9.9041e-01
7.7050e+03  9.9281e-01
7.7052e+03  9.9553e-01
7.7055e+03  9.9625e-01
7.7058e+03  9.9637e-01
7.7060e+03  9.9776e-01
7.7062e+03  9.9924e-01
7.7065e+03  9.9829e-01
7.7068e+03  9.9811e-01
7.7070e+03  9.9359e-01
7.7072e+03  9.9009e-01
7.7075e+03  9.9393e-01
7.7078e+03  9.9970e-01
7.7080e+03  9.9906e-01
7.7082e+03  9.9325e-01
7.7085e+03  9.9426e-01
7.7088e+03  9.9578e-01
7.7090e+03  9.9354e-01
7.7092e+03  9.9014e-01
7.7095e+03  9.8780e-01
7.7098e+03  9.8859e-01
7.7100e+03  9.9309e-01
7.7102e+03  9.9473e-01
7.7105e+03  9.8847e-01
7.7108e+03  9.8682e-01
7.7110e+03  9.8962e-01
7.7112e+03  9.9180e-01
7.7115e+03  9.9242e-01
7.7118e+03  9.9461e-01
7.7120e+03  9.9378e-01
7.7122e+03  9.9129e-01
7.7125e+03  9.9328e-01
7.7128e+03  9.9568e-01
7.7130e+03  9.9872e-01
7.7132e+03  1.0013e+00
7.7135e+03  9.9902e-01
7.7138e+03  9.9632e-01
7.7140e+03  1.0031e+00
7.7142e+03  1.0057e+00
7.7145e+03  9.9890e-01
7.7148e+03  9.9437e-01
7.7150e+03  9.9800e-01
7.7152e+03  1.0000e+00
7.7155e+03  1.0000e+00
7.7158e+03  1.0000e+00
7.7160e+03  1.0000e+00
7.7162e+03  1.0000e+00
7.7165e+03  1.0000e+00
7.7168e+03  1.0000e+00
7.7170e+03  1.0000e+00
7.7172e+03  1.0000e+00
7.7175e+03  1.0000e+00
7.7178e+03  1.0000e+00
7.7180e+03  1.0000e+00
7.7182e+03  1.0000e+00
7.7185e+03  1.0000e+00
7.7188e+03  1.0000e+00
7.7190e+03  1.0000e+00
7.7192e+03  1.0000e+00
7.7195e+03  1.0000e+00
7.7198e+03  1.0000e+00
7.7200e+03  1.0000e+00
7.7202e+03  1.0000e+00
7.7205e+03  1.0000e+00
7.7208e+03  1.0000e+00
7.7210e+03  1.0000e+00
7.7212e+03  1.0000e+00
7.7215e+03  1.0000e+00
7.7218e+03  1.0000e+00
7.7220e+03  1.0000e+00
7.7222e+03  1.0000e+00
7.7225e+03  1.0000e+00
7.7228e+03  1.0000e+00
7.7230e+03  1.0000e+00
7.7232e+03  1.0000e+00
7.7235e+03  1.0000e+00
7.7238e+03  1.0000e+00
7.7240e+03  1.0000e+00
7.7242e+03  1.0000e+00
7.7245e+03  1.0000e+00
7.7248e+03  1.0000e+00
7.7250e+03  1.0000e+00
7.7252e+03  1.0000e+00
7.7255e+03  1.0000e+00
7.7258e+03  1.0000e+00
7.7260e+03  1.0000e+00
7.7262e+03  1.0000e+00
7.7265e+03  1.0000e+00
7.7268e+03  1.0000e+00
7.7270e+03  1.0000e+00
7.7272e+03  1.0000e+00
7.7275e+03  1.0000e+00
7.7278e+03  1.0000e+00
7.7280e+03  1.0000e+00
7.7282e+03  1.0000e+00
7.7285e+03  1.0000e+00
7.7288e+03  1.0000e+00
7.7290e+03  1.0000e+00
7.7292e+03  1.0000e+00
7.7295e+03  1.0000e+00
7.7298e+03  1.0000e+00
7.7300e+03  1.0000e+00
7.7302e+03  1.0000e+00
7.7305e+03  1.0000e+00
7.7308e+03  1.0000e+00
7.7310e+03  1.0000e+00
7.7312e+03  1.0000e+00
7.7315e+03  1.0000e+00
7.7318e+03  1.0000e+00
7.7320e+03  1.0000e+00
7.7322e+03  1.0000e+00
7.7325e+03  1.0000e+00
7.7328e+03  1.0000e+00
7.7330e+03  1.0000e+00
7.7332e+03  1.0000e+00
7.7335e+03  1.0000e+00
7.7338e+03  1.0000e+00
7.7340e+03  1.0000e+00
7.7342e+03  1.0000e+00
7.7345e+03  1.0000e+00
7.7348e+03  1.0000e+00
7.7350e+03  1.0000e+00
7.7352e+03  1.0000e+00
7.7355e+03  1.0000e+00
7.7358e+03  1.0000e+00
7.7360e+03  1.0000e+00
7.7362e+03  1.0000e+00
7.7365e+03  1.0000e+00
7.7368e+03  1.0000e+00
7.7370e+03  1.0000e+00
7.7372e+03  1.0000e+00
7.7375e+03  1.0000e+00
7.7378e+03  1.0000e+00
7.7380e+03  1.0000e+00
7.7382e+03  1.0000e+00
7.7385e+03  1.0000e+00
7.7388e+03  1.0000e+00
7.7390e+03  1.0000e+00
7.7392e+03  1.0000e+00
7.7395e+03  1.0000e+00
7.7398e+03  1.0000e+00
7.7400e+03  1.0000e+00
7.7402e+03  1.0000e+00
7.7405e+03  1.0000e+00
7.7408e+03  1.0000e+00
7.7410e+03  1.0000e+00
7.7412e+03  1.0000e+00
7.7415e+03  1.0000e+00
7.7418e+03  1.0000e+00
7.7420e+03  1.0000e+00
7.7422e+03  1.0000e+00
7.7425e+03  1.0000e+00
7.7428e+03  1.0000e+00
7.7430e+03  1.0000e+00
7.7432e+03  1.0000e+00
7.7435e+03  1.0000e+00
7.7438e+03  1.0000e+00
7.7440e+03  1.0000e+00
7.7442e+03  1.0000e+00
7.7445e+03  1.0000e+00
7.7448e+03  1.0000e+00
7.7450e+03  1.0000e+00
7.7452e+03  1.0000e+00
7.7455e+03  1.0000e+00
7.7458e+03  1.0000e+00
7.7460e+03  1.0000e+00
7.7462e+03  1.0000e+00
7.7465e+03  1.0000e+00
7.7468e+03  1.0000e+00
7.7470e+03  1.0000e+00
7.7472e+03  1.0000e+00
7.7475e+03  1.0000e+00
7.7478e+03  1.0000e+00
7.7480e+03  1.0000e+00
7.7482e+03  1.0000e+00
7.7485e+03  1.0000e+00
7.7488e+03  1.0000e+00
7.7490e+03  1.0000e+00
7.7492e+03  1.0000e+00
7.7495e+03  1.0000e+00
7.7498e+03  1.0000e+00
7.7500e+03  1.0000e+00
7.7502e+03  1.0000e+00
7.7505e+03  1.0000e+00
7.7508e+03  1.0000e+00
7.7510e+03  1.0000e+00
7.7512e+03  1.0000e+00
7.7515e+03  1.0000e+00
7.7518e+03  1.0000e+00
7.7520e+03  1.0000e+00
7.7522e+03  1.0000e+00
7.7525e+03  1.0000e+00
7.7528e+03  1.0000e+00
7.7530e+03  1.0000e+00
7.7532e+03  1.0000e+00
7.7535e+03  1.0000e+00
7.7538e+03  1.0000e+00
7.7540e+03  1.0000e+00
7.7542e+03  1.0000e+00
7.7545e+03  1.0000e+00
7.7548e+03  1.0000e+00
7.7550e+03  1.0000e+00
7.7552e+03  1.0000e+00
7.7555e+03  1.0000e+00
7.7558e+03  1.0000e+00
7.7560e+03  1.0000e+00
7.7562e+03  1.0000e+00
7.7565e+03  1.0000e+00
7.7568e+03  1.0000e+00
7.7570e+03  1.0000e+00
7.7572e+03  1.0000e+00
7.7575e+03  1.0000e+00
7.7578e+03  1.0000e+00
7.7580e+03  1.0000e+00
7.7582e+03  1.0000e+00
7.7585e+03  1.0000e+00
7.7588e+03  1.0000e+00
7.7590e+03  1.0000e+00
7.7592e+03  1.0000e+00
7.7595e+03  1.0000e+00
7.7598e+03  1.0000e+00
7.7600e+03  1.0000e+00
7.7602e+03  1.0000e+00
7.7605e+03  1.0000e+00
7.7608e+03  1.0000e+00
7.7610e+03  1.0000e+00
7.7612e+03  1.0000e+00
7.7615e+03  1.0000e+00
7.7618e+03  1.0000e+00
7.7620e+03  1.0000e+00
7.7622e+03  1.0000e+00
7.7625e+03  1.0000e+00
7.7628e+03  1.0000e+00
7.7630e+03  1.0000e+00
7.7632e+03  1.0000e+00
7.7635e+03  1.0000e+00
7.7638e+03  1.0000e+00
7.7640e+03  1.0000e+00
7.7642e+03  1.0000e+00
7.7645e+03  1.0000e+00
7.7648e+03  1.0000e+00
7.7650e+03  1.0000e+00
7.7652e+03  1.0000e+00
7.7655e+03  1.0000e+00
7.7658e+03  1.0000e+00
7.7660e+03  1.0000e+00
7.7662e+03  1.0000e+00
7.7665e+03  1.0000e+00
7.7668e+03  1.0000e+00
7.7670e+03  1.0000e+00
7.7672e+03  1.0000e+00
7.7675e+03  1.0000e+00
7.7678e+03  1.0000e+00
7.7680e+03  1.0000e+00
7.7682e+03  1.0000e+00
7.7685e+03  1.0000e+00
7.7688e+03  1.0000e+00
7.7690e+03  1.0000e+00
7.7692e+03  1.0000e+00
7.7695e+03  1.0000e+00
7.7698e+03  1.0000e+00
7.7700e+03  1.0000e+00
7.7702e+03  1.0000e+00
7.7705e+03  1.0000e+00
7.7708e+03  1.0000e+00
7.7710e+03  1.0000e+00
7.7712e+03  1.0000e+00
7.7715e+03  1.0000e+00
7.7718e+03  1.0000e+00
7.7720e+03  1.0000e+00
7.7722e+03  1.0000e+00
7.7725e+03  1.0000e+00
7.7728e+03  1.0000e+00
7.7730e+03  1.0000e+00
7.7732e+03  1.0000e+00
7.7735e+03  1.0000e+00
7.7738e+03  1.0000e+00
7.7740e+03  1.0000e+00
7.7742e+03  1.0000e+00
7.7745e+03  1.0000e+00
7.7748e+03  1.0000e+00
7.7750e+03  1.0000e+00
7.7752e+03  1.0000e+00
7.7755e+03  1.0000e+00
7.7758e+03  1.0000e+00
7.7760e+03  1.0000e+00
7.7762e+03  1.0000e+00
7.7765e+03  1.0000e+00
7.7768e+03  1.0000e+00
7.7770e+03  1.0000e+00
7.7772e+03  1.0000e+00
7.7775e+03  1.0000e+00
7.7778e+03  1.0000e+00
7.7780e+03  1.0000e+00
7.7782e+03  1.0000e+00
7.7785e+03  1.0000e+00
7.7788e+03  1.0000e+00
7.7790e+03  1.0000e+00
7.7792e+03  1.0000e+00
7.7795e+03  1.0000e+00
7.7798e+03  1.0000e+00
7.7800e+03  1.0000e+00
7.7802e+03  1.0000e+00
7.7805e+03  1.0000e+00
7.7808e+03  1.0000e+00
7.7810e+03  1.0000e+00
7.7812e+03  1.0000e+00
7.7815e+03  1.0000e+00
7.7818e+03  1.0000e+00
7.7820e+03  1.0000e+00
7.7822e+03  1.0000e+00
7.7825e+03  1.0000e+00
7.7828e+03  1.0000e+00
7.7830e+03  1.0000e+00
7.7832e+03  1.0000e+00
7.7835e+03  1.0000e+00
7.7838e+03  1.0000e+00
7.7840e+03  1.0000e+00
7.7842e+03  1.0000e+00
7.7845e+03  1.0000e+00
7.7848e+03  1.0000e+00
7.7850e+03  1.0000e+00
7.7852e+03  1.0000e+00
7.7855e+03  1.0000e+00
7.7858e+03  1.0000e+00
7.7860e+03  1.0000e+00
7.7862e+03  1.0000e+00
7.7865e+03  1.0000e+00
7.7868e+03  1.0000e+00
7.7870e+03  1.0000e+00
7.7872e+03  1.0000e+00
7.7875e+03  1.0000e+00
7.7878e+03  1.0000e+00
7.7880e+03  1.0000e+00
7.7882e+03  1.0000e+00
7.7885e+03  1.0000e+00
7.7888e+03  1.0000e+00
7.7890e+03  1.0000e+00
7.7892e+03  1.0000e+00
7.7895e+03  1.0000e+00
7.7898e+03  1.0000e+00
7.7900e+03  1.0000e+00
7.7902e+03  1.0000e+00
7.7905e+03  1.0000e+00
7.7908e+03  1.0000e+00
7.7910e+03  1.0000e+00
7.7912e+03  1.0000e+00
7.7915e+03  1.0000e+00
7.7918e+03  1.0000e+00
7.7920e+03  1.0000e+00
7.7922e+03  1.0000e+00
7.7925e+03  1.0000e+00
7.7928e+03  1.0000e+00
7.7930e+03  1.0000e+00
7.7932e+03  1.0000e+00
7.7935e+03  1.0000e+00
7.7938e+03  1.0000e+00
7.7940e+03  1.0000e+00
7.7942e+03  1.0000e+00
7.7945e+03  1.0000e+00
7.7948e+03  1.0000e+00
7.7950e+03  1.0000e+00
7.7952e+03  1.0000e+00
7.7955e+03  1.0000e+00
7.7958e+03  1.0000e+00
7.7960e+03  1.0000e+00
7.7962e+03  1.0000e+00
7.7965e+03  1.0000e+00
7.7968e+03  1.0000e+00
7.7970e+03  1.0000e+00
7.7972e+03  1.0000e+00
7.7975e+03  1.0000e+00
7.7978e+03  1.0000e+00
7.7980e+03  1.0000e+00
7.7982e+03  1.0000e+00
7.7985e+03  1.0000e+00
7.7988e+03  1.0000e+00
7.7990e+03  1.0000e+00
7.7992e+03  1.0000e+00
7.7995e+03  1.0000e+00
7.7998e+03  1.0000e+00
7.8000e+03  1.0000e+00
7.8002e+03  1.0000e+00
7.8005e+03  1.0000e+00
7.8008e+03  1.0000e+00
7.8010e+03  1.0000e+00
7.8012e+03  1.0000e+00
7.8015e+03  1.0000e+00
7.8018e+03  1.0000e+00
7.8020e+03  1.0000e+00
7.8022e+03  1.0000e+00
7.8025e+03  1.0000e+00
7.8028e+03  1.0000e+00
7.8030e+03  1.0000e+00
7.8032e+03  1.0000e+00
7.8035e+03  1.0000e+00
7.8038e+03  1.0000e+00
7.8040e+03  1.0000e+00
7.8042e+03  1.0000e+00
7.8045e+03  1.0000e+00
7.8048e+03  1.0000e+00
7.8050e+03  1.0000e+00
7.8052e+03  1.0000e+00
7.8055e+03  1.0000e+00
7.8058e+03  1.0000e+00
7.8060e+03  1.0000e+00
7.8062e+03  1.0000e+00
7.8065e+03  1.0000e+00
7.8068e+03  1.0000e+00
7.8070e+03  1.0000e+00
7.8072e+03  1.0000e+00
7.8075e+03  1.0000e+00
7.8078e+03  1.0000e+00
7.8080e+03  1.0000e+00
7.8082e+03  1.0000e+00
7.8085e+03  1.0000e+00
7.8088e+03  1.0000e+00
7.8090e+03  1.0000e+00
7.8092e+03  1.0000e+00
7.8095e+03  1.0000e+00
7.8098e+03  1.0000e+00
7.8100e+03  1.0000e+00
7.8102e+03  1.0000e+00
7.8105e+03  1.0000e+00
7.8108e+03  1.0000e+00
7.8110e+03  1.0000e+00
7.8112e+03  1.0000e+00
7.8115e+03  1.0000e+00
7.8118e+03  1.0000e+00
7.8120e+03  1.0000e+00
7.8122e+03  1.0000e+00
7.8125e+03  1.0000e+00
7.8128e+03  1.0000e+00
7.8130e+03  1.0000e+00
7.8132e+03  1.0000e+00
7.8135e+03  1.0000e+00
7.8138e+03  1.0000e+00
7.8140e+03  1.0000e+00
7.8142e+03  1.0000e+00
7.8145e+03  1.0000e+00
7.8148e+03  1.0000e+00
7.8150e+03  1.0000e+00
7.8152e+03  1.0000e+00
7.8155e+03  1.0000e+00
7.8158e+03  1.0000e+00
7.8160e+03  1.0000e+00
7.8162e+03  1.0000e+00
7.8165e+03  1.0000e+00
7.8168e+03  1.0000e+00
7.8170e+03  1.0000e+00
7.8172e+03  1.0000e+00
7.8175e+03  1.0000e+00
7.8178e+03  1.0000e+00
7.8180e+03  1.0000e+00
7.8182e+03  1.0000e+00
7.8185e+03  1.0000e+00
7.8188e+03  1.0000e+00
7.8190e+03  1.0000e+00
7.8192e+03  1.0000e+00
7.8195e+03  1.0000e+00
7.8198e+03  1.0000e+00
7.8200e+03  1.0000e+00
7.8202e+03  1.0000e+00
7.8205e+03  1.0000e+00
7.8208e+03  1.0000e+00
7.8210e+03  1.0000e+00
7.8212e+03  1.0000e+00
7.8215e+03  1.0000e+00
7.8218e+03  1.0000e+00
7.8220e+03  1.0000e+00
7.8222e+03  1.0000e+00
7.8225e+03  1.0000e+00
7.8228e+03  1.0000e+00
7.8230e+03  1.0000e+00
7.8232e+03  1.0000e+00
7.8235e+03  1.0000e+00
7.8238e+03  1.0000e+00
7.8240e+03  1.0000e+00
7.8242e+03  1.0000e+00
7.8245e+03  1.0000e+00
7.8248e+03  1.0000e+00
7.8250e+03  1.0000e+00
7.8252e+03  1.0000e+00
7.8255e+03  1.0000e+00
7.8258e+03  1.0000e+00
7.8260e+03  1.0000e+00
7.8262e+03  1.0000e+00
7.8265e+03  1.0000e+00
7.8268e+03  1.0000e+00
7.8270e+03  1.0000e+00
7.8272e+03  1.0000e+00
7.8275e+03  1.0000e+00
7.8278e+03  1.0000e+00
7.8280e+03  1.0000e+00
7.8282e+03  1.0000e+00
7.8285e+03  1.0000e+00
7.8288e+03  1.0000e+00
7.8290e+03  1.0000e+00
7.8292e+03  1.0000e+00
7.8295e+03  1.0000e+00
7.8298e+03  1.0000e+00
7.8300e+03  1.0000e+00
7.8302e+03  1.0000e+00
7.8305e+03  1.0000e+00
7.8308e+03  1.0000e+00
7.8310e+03  1.0000e+00
7.8312e+03  1.0000e+00
7.8315e+03  1.0000e+00
7.8318e+03  1.0000e+00
7.8320e+03  1.0000e+00
7.8322e+03  1.0000e+00
7.8325e+03  1.0000e+00
7.8328e+03  1.0000e+00
7.8330e+03  1.0000e+00
7.8332e+03  1.0000e+00
7.8335e+03  1.0000e+00
7.8338e+03  1.0000e+00
7.8340e+03  1.0000e+00
7.8342e+03  1.0000e+00
7.8345e+03  1.0000e+00
7.8348e+03  1.0000e+00
7.8350e+03  1.0000e+00
7.8352e+03  1.0000e+00
7.8355e+03  1.0000e+00
7.8358e+03  1.0000e+00
7.8360e+03  1.0000e+00
7.8362e+03  1.0000e+00
7.8365e+03  1.0000e+00
7.8368e+03  1.0000e+00
7.8370e+03  1.0000e+00
7.8372e+03  1.0000e+00
7.8375e+03  1.0000e+00
7.8378e+03  1.0000e+00
7.8380e+03  1.0000e+00
7.8382e+03  1.0000e+00
7.8385e+03  1.0000e+00
7.8388e+03  1.0000e+00
7.8390e+03  1.0000e+00
7.8392e+03  1.0000e+00
7.8395e+03  1.0000e+00
7.8398e+03  1.0000e+00
7.8400e+03  1.0000e+00
7.8402e+03  1.0000e+00
7.8405e+03  1.0000e+00
7.8408e+03  1.0000e+00
7.8410e+03  1.0000e+00
7.8412e+03  1.0000e+00
7.8415e+03  1.0000e+00
7.8418e+03  1.0000e+00
7.8420e+03  1.0000e+00
7.8422e+03  1.0000e+00
7.8425e+03  1.0000e+00
7.8428e+03  1.0000e+00
7.8430e+03  1.0000e+00
7.8432e+03  1.0000e+00
7.8435e+03  1.0000e+00
7.8438e+03  1.0000e+00
7.8440e+03  1.0000e+00
7.8442e+03  1.0000e+00
7.8445e+03  1.0000e+00
7.8448e+03  1.0000e+00
7.8450e+03  1.0000e+00
7.8452e+03  1.0000e+00
7.8455e+03  1.0000e+00
7.8458e+03  1.0000e+00
7.8460e+03  1.0000e+00
7.8462e+03  1.0000e+00
7.8465e+03  1.0000e+00
7.8468e+03  1.0000e+00
7.8470e+03  1.0000e+00
7.8472e+03  1.0000e+00
7.8475e+03  1.0000e+00
7.8478e+03  1.0000e+00
7.8480e+03  1.0000e+00
7.8482e+03  1.0000e+00
7.8485e+03  1.0000e+00
7.8488e+03  1.0000e+00
7.8490e+03  1.0000e+00
7.8492e+03  1.0000e+00
7.8495e+03  1.0000e+00
7.8498e+03  1.0000e+00
7.8500e+03  1.0000e+00
7.8502e+03  1.0000e+00
7.8505e+03  1.0000e+00
7.8508e+03  1.0000e+00
7.8510e+03  1.0000e+00
7.8512e+03  1.0000e+00
7.8515e+03  1.0000e+00
7.8518e+03  1.0000e+00
7.8520e+03  1.0000e+00
7.8522e+03  1.0000e+00
7.8525e+03  1.0000e+00
7.8528e+03  1.0000e+00
7.8530e+03  1.0000e+00
7.8532e+03  1.0000e+00
7.8535e+03  1.0000e+00
7.8538e+03  1.0000e+00
7.8540e+03  1.0000e+00
7.8542e+03  1.0000e+00
7.8545e+03  1.0000e+00
7.8548e+03  1.0000e+00
7.8550e+03  1.0000e+00
7.8552e+03  1.0000e+00
7.8555e+03  1.0000e+00
7.8558e+03  1.0000e+00
7.8560e+03  1.0000e+00
7.8562e+03  1.0000e+00
7.8565e+03  1.0000e+00
7.8568e+03  1.0000e+00
7.8570e+03  1.0000e+00
7.8572e+03  1.0000e+00
7.8575e+03  1.0000e+00
7.8578e+03  1.0000e+00
7.8580e+03  1.0000e+00
7.8582e+03  1.0000e+00
7.8585e+03  1.0000e+00
7.8588e+03  1.0000e+00
7.8590e+03  1.0000e+00
7.8592e+03  1.0000e+00
7.8595e+03  1.0000e+00
7.8598e+03  1.0000e+00
7.8600e+03  1.0000e+00
7.8602e+03  1.0000e+00
7.8605e+03  1.0000e+00
7.8608e+03  1.0000e+00
7.8610e+03  1.0000e+00
7.8612e+03  1.0000e+00
7.8615e+03  1.0000e+00
7.8618e+03  1.0000e+00
7.8620e+03  1.0000e+00
7.8622e+03  1.0000e+00
7.8625e+03  1.0000e+00
7.8628e+03  1.0000e+00
7.8630e+03  1.0000e+00
7.8632e+03  1.0000e+00
7.8635e+03  1.0000e+00
7.8638e+03  1.0000e+00
7.8640e+03  1.0000e+00
7.8642e+03  1.0000e+00
7.8645e+03  1.0000e+00
7.8648e+03  1.0000e+00
7.8650e+03  1.0000e+00
7.8652e+03  1.0000e+00
7.8655e+03  1.0000e+00
7.8658e+03  1.0000e+00
7.8660e+03  1.0000e+00
7.8662e+03  1.0000e+00
7.8665e+03  1.0000e+00
7.8668e+03  1.0000e+00
7.8670e+03  1.0000e+00
7.8672e+03  1.0000e+00
7.8675e+03  1.0000e+00
7.8678e+03  1.0000e+00
7.8680e+03  1.0000e+00
7.8682e+03  1.0000e+00
7.8685e+03  1.0000e+00
7.8688e+03  1.0000e+00
7.8690e+03  1.0000e+00
7.8692e+03  1.0000e+00
7.8695e+03  1.0000e+00
7.8698e+03  1.0000e+00
7.8700e+03  1.0000e+00
7.8702e+03  1.0000e+00
7.8705e+03  1.0000e+00
7.8708e+03  1.0000e+00
7.8710e+03  1.0000e+00
7.8712e+03  1.0000e+00
7.8715e+03  1.0000e+00
7.8718e+03  1.0000e+00
7.8720e+03  1.0000e+00
7.8722e+03  1.0000e+00
7.8725e+03  1.0000e+00
7.8728e+03  1.0000e+00
7.8730e+03  1.0000e+00
7.8732e+03  1.0000e+00
7.8735e+03  1.0000e+00
7.8738e+03  1.0000e+00
7.8740e+03  1.0000e+00
7.8742e+03  1.0000e+00
7.8745e+03  1.0000e+00
7.8748e+03  1.0000e+00
7.8750e+03  1.0000e+00
7.8752e+03  1.0000e+00
7.8755e+03  1.0000e+00
7.8758e+03  1.0000e+00
7.8760e+03  1.0000e+00
7.8762e+03  1.0000e+00
7.8765e+03  1.0000e+00
7.8768e+03  1.0000e+00
7.8770e+03  1.0000e+00
7.8772e+03  1.0000e+00
7.8775e+03  1.0000e+00
7.8778e+03  1.0000e+00
7.8780e+03  1.0000e+00
7.8782e+03  1.0000e+00
7.8785e+03  1.0000e+00
7.8788e+03  1.0000e+00
7.8790e+03  1.0000e+00
7.8792e+03  1.0000e+00
7.8795e+03  1.0000e+00
7.8798e+03  1.0000e+00
7.8800e+03  1.0000e+00
7.8802e+03  1.0000e+00
7.8805e+03  1.0000e+00
7.8808e+03  1.0000e+00
7.8810e+03  1.0000e+00
7.8812e+03  1.0000e+00
7.8815e+03  1.0000e+00
7.8818e+03  1.0000e+00
7.8820e+03  1.0000e+00
7.8822e+03  1.0000e+00
7.8825e+03  1.0000e+00
7.8828e+03  1.0000e+00
7.8830e+03  1.0000e+00
7.8832e+03  1.0000e+00
7.8835e+03  1.0000e+00
7.8838e+03  1.0000e+00
7.8840e+03  1.0000e+00
7.8842e+03  1.0000e+00
7.8845e+03  1.0000e+00
7.8848e+03  1.0000e+00
7.8850e+03  1.0000e+00
7.8852e+03  1.0000e+00
7.8855e+03  1.0000e+00
7.8858e+03  1.0000e+00
7.8860e+03  1.0000e+00
7.8862e+03  1.0000e+00
7.8865e+03  1.0000e+00
7.8868e+03  1.0000e+00
7.8870e+03  1.0000e+00
7.8872e+03  1.0000e+00
7.8875e+03  1.0000e+00
7.8878e+03  1.0000e+00
7.8880e+03  1.0000e+00
7.8882e+03  1.0000e+00
7.8885e+03  1.0000e+00
7.8888e+03  1.0000e+00
7.8890e+03  1.0000e+00
7.8892e+03  1.0000e+00
7.8895e+03  1.0000e+00
7.8898e+03  1.0000e+00
7.8900e+03  1.0000e+00
7.8902e+03  1.0000e+00
7.8905e+03  1.0000e+00
7.8908e+03  1.0000e+00
7.8910e+03  1.0000e+00
7.8912e+03  1.0000e+00
7.8915e+03  1.0000e+00
7.8918e+03  1.0000e+00
7.8920e+03  1.0000e+00
7.8922e+03  1.0000e+00
7.8925e+03  1.0000e+00
7.8928e+03  1.0000e+00
7.8930e+03  1.0000e+00
7.8932e+03  1.0000e+00
7.8935e+03  1.0000e+00
7.8938e+03  1.0000e+00
7.8940e+03  1.0000e+00
7.8942e+03  1.0000e+00
7.8945e+03  1.0000e+00
7.8948e+03  1.0000e+00
7.8950e+03  1.0000e+00
7.8952e+03  1.0000e+00
7.8955e+03  1.0000e+00
7.8958e+03  1.0000e+00
7.8960e+03  1.0000e+00
7.8962e+03  1.0000e+00
7.8965e+03  1.0000e+00
7.8968e+03  1.0000e+00
7.8970e+03  1.0000e+00
7.8972e+03  1.0000e+00
7.8975e+03  1.0000e+00
7.8978e+03  1.0000e+00
7.8980e+03  1.0000e+00
7.8982e+03  1.0000e+00
7.8985e+03  1.0000e+00
7.8988e+03  1.0000e+00
7.8990e+03  1.0000e+00
7.8992e+03  1.0000e+00
7.8995e+03  1.0000e+00
7.8998e+03  1.0000e+00
7.9000e+03  1.0000e+00
7.9002e+03  1.0000e+00
7.9005e+03  1.0000e+00
7.9008e+03  1.0000e+00
7.9010e+03  1.0000e+00
7.9012e+03  1.0000e+00
7.9015e+03  1.0000e+00
7.9018e+03  1.0000e+00
7.9020e+03  1.0000e+00
7.9022e+03  1.0000e+00
7.9025e+03  1.0000e+00
7.9028e+03  1.0000e+00
7.9030e+03  1.0000e+00
7.9032e+03  1.0000e+00
7.9035e+03  1.0000e+00
7.9038e+03  1.0000e+00
7.9040e+03  1.0000e+00
7.9042e+03  1.0000e+00
7.9045e+03  1.0000e+00
7.9048e+03  1.0000e+00
7.9050e+03  1.0000e+00
7.9052e+03  1.0000e+00
7.9055e+03  1.0000e+00
7.9058e+03  1.0000e+00
7.9060e+03  1.0000e+00
7.9062e+03  1.0000e+00
7.9065e+03  1.0000e+00
7.9068e+03  1.0000e+00
7.9070e+03  1.0000e+00
7.9072e+03  1.0000e+00
7.9075e+03  1.0000e+00
7.9078e+03  1.0000e+00
7.9080e+03  1.0000e+00
7.9082e+03  1.0000e+00
7.9085e+03  1.0000e+00
7.9088e+03  1.0000e+00
7.9090e+03  1.0000e+00
7.9092e+03  1.0000e+00
7.9095e+03  1.0000e+00
7.9098e+03  1.0000e+00
7.9100e+03  1.0000e+00
7.9102e+03  1.0000e+00
7.9105e+03  1.0000e+00
7.9108e+03  1.0000e+00
7.9110e+03  1.0000e+00
7.9112e+03  1.0000e+00
7.9115e+03  1.0000e+00
7.9118e+03  1.0000e+00
7.9120e+03  1.0000e+00
7.9122e+03  1.0000e+00
7.9125e+03  1.0000e+00
7.9128e+03  1.0000e+00
7.9130e+03  1.0000e+00
7.9132e+03  1.0000e+00
7.9135e+03  1.0000e+00
7.9138e+03  1.0000e+00
7.9140e+03  1.0000e+00
7.9142e+03  1.0000e+00
7.9145e+03  1.0000e+00
7.9148e+03  1.0000e+00
7.9150e+03  1.0000e+00
7.9152e+03  1.0000e+00
7.9155e+03  1.0000e+00
7.9158e+03  1.0000e+00
7.9160e+03  1.0000e+00
7.9162e+03  1.0000e+00
7.9165e+03  1.0000e+00
7.9168e+03  1.0000e+00
7.9170e+03  1.0000e+00
7.9172e+03  1.0000e+00
7.9175e+03  1.0000e+00
7.9178e+03  1.0000e+00
7.9180e+03  1.0000e+00
7.9182e+03  1.0000e+00
7.9185e+03  1.0000e+00
7.9188e+03  1.0000e+00
7.9190e+03  1.0000e+00
7.9192e+03  1.0000e+00
7.9195e+03  1.0000e+00
7.9198e+03  1.0000e+00
7.9200e+03  1.0000e+00
7.9202e+03  1.0000e+00
7.9205e+03  1.0000e+00
7.9208e+03  1.0000e+00
7.9210e+03  1.0000e+00
7.9212e+03  1.0000e+00
7.9215e+03  1.0000e+00
7.9218e+03  1.0000e+00
7.9220e+03  1.0000e+00
7.9222e+03  1.0000e+00
7.9225e+03  1.0000e+00
7.9228e+03  1.0000e+00
7.9230e+03  1.0000e+00
7.9232e+03  1.0000e+00
7.9235e+03  1.0000e+00
7.9238e+03  1.0000e+00
7.9240e+03  1.0000e+00
7.9242e+03  1.0000e+00
7.9245e+03  1.0000e+00
7.9248e+03  1.0000e+00
7.9250e+03  1.0000e+00
7.9252e+03  1.0000e+00
7.9255e+03  1.0000e+00
7.9258e+03  1.0000e+00
7.9260e+03  1.0000e+00
7.9262e+03  1.0000e+00
7.9265e+03  1.0000e+00
7.9268e+03  1.0000e+00
7.9270e+03  1.0000e+00
7.9272e+03  1.0000e+00
7.9275e+03  1.0000e+00
7.9278e+03  1.0000e+00
7.9280e+03  1.0000e+00
7.9282e+03  1.0000e+00
7.9285e+03  1.0000e+00
7.9288e+03  1.0000e+00
7.9290e+03  1.0000e+00
7.9292e+03  1.0000e+00
7.9295e+03  1.0000e+00
7.9298e+03  1.0000e+00
7.9300e+03  1.0000e+00
7.9302e+03  1.0000e+00
7.9305e+03  1.0000e+00
7.9308e+03  1.0000e+00
7.9310e+03  1.0000e+00
7.9312e+03  1.0000e+00
7.9315e+03  1.0000e+00
7.9318e+03  1.0000e+00
7.9320e+03  1.0000e+00
7.9322e+03  1.0000e+00
7.9325e+03  1.0000e+00
7.9328e+03  1.0000e+00
7.9330e+03  1.0000e+00
7.9332e+03  1.0000e+00
7.9335e+03  1.0000e+00
7.9338e+03  1.0000e+00
7.9340e+03  1.0000e+00
7.9342e+03  1.0000e+00
7.9345e+03  1.0000e+00
7.9348e+03  1.0000e+00
7.9350e+03  1.0000e+00
7.9352e+03  1.0000e+00
7.9355e+03  1.0000e+00
7.9358e+03  1.0000e+00
7.9360e+03  1.0000e+00
7.9362e+03  1.0000e+00
7.9365e+03  1.0000e+00
7.9368e+03  1.0000e+00
7.9370e+03  1.0000e+00
7.9372e+03  1.0000e+00
7.9375e+03  1.0000e+00
7.9378e+03  1.0000e+00
7.9380e+03  1.0000e+00
7.9382e+03  1.0000e+00
7.9385e+03  1.0000e+00
7.9388e+03  1.0000e+00
7.9390e+03  1.0000e+00
7.9392e+03  1.0000e+00
7.9395e+03  1.0000e+00
7.9398e+03  1.0000e+00
7.9400e+03  1.0000e+00
7.9402e+03  1.0000e+00
7.9405e+03  1.0000e+00
7.9408e+03  1.0000e+00
7.9410e+03  1.0000e+00
7.9412e+03  1.0000e+00
7.9415e+03  1.0000e+00
7.9418e+03  1.0000e+00
7.9420e+03  1.0000e+00
7.9422e+03  1.0000e+00
7.9425e+03  1.0000e+00
7.9428e+03  1.0000e+00
7.9430e+03  1.0000e+00
7.9432e+03  1.0000e+00
7.9435e+03  1.0000e+00
7.9438e+03  1.0000e+00
7.9440e+03  1.0000e+00
7.9442e+03  1.0000e+00
7.9445e+03  1.0000e+00
7.9448e+03  1.0000e+00
7.9450e+03  1.0000e+00
7.9452e+03  1.0000e+00
7.9455e+03  1.0000e+00
7.9458e+03  1.0000e+00
7.9460e+03  1.0000e+00
7.9462e+03  1.0000e+00
7.9465e+03  1.0000e+00
7.9468e+03  1.0000e+00
7.9470e+03  1.0000e+00
7.9472e+03  1.0000e+00
7.9475e+03  1.0000e+00
7.9478e+03  1.0000e+00
7.9480e+03  1.0000e+00
7.9482e+03  1.0000e+00
7.9485e+03  1.0000e+00
7.9488e+03  1.0000e+00
7.9490e+03  1.0000e+00
7.9492e+03  1.0000e+00
7.9495e+03  1.0000e+00
7.9498e+03  1.0000e+00
7.9500e+03  1.0000e+00
7.9502e+03  1.0000e+00
7.9505e+03  1.0000e+00
7.9508e+03  1.0000e+00
7.9510e+03  1.0000e+00
7.9512e+03  1.0000e+00
7.9515e+03  1.0000e+00
7.9518e+03  1.0000e+00
7.9520e+03  1.0000e+00
7.9522e+03  1.0000e+00
7.9525e+03  1.0000e+00
7.9528e+03  1.0000e+00
7.9530e+03  1.0000e+00
7.9532e+03  1.0000e+00
7.9535e+03  1.0000e+00
7.9538e+03  1.0000e+00
7.9540e+03  1.0000e+00
7.9542e+03  1.0000e+00
7.9545e+03  1.0000e+00
7.9548e+03  1.0000e+00
7.9550e+03  1.0000e+00
7.9552e+03  1.0000e+00
7.9555e+03  1.0000e+00
7.9558e+03  1.0000e+00
7.9560e+03  1.0000e+00
7.9562e+03  1.0000e+00
7.9565e+03  1.0000e+00
7.9568e+03  1.0000e+00
7.9570e+03  1.0000e+00
7.9572e+03  1.0000e+00
7.9575e+03  1.0000e+00
7.9578e+03  1.0000e+00
7.9580e+03  1.0000e+00
7.9582e+03  1.0000e+00
7.9585e+03  1.0000e+00
7.9588e+03  1.0000e+00
7.9590e+03  1.0000e+00
7.9592e+03  1.0000e+00
7.9595e+03  1.0000e+00
7.9598e+03  1.0000e+00
7.9600e+03  1.0000e+00
7.9602e+03  1.0000e+00
7.9605e+03  1.0000e+00
7.9608e+03  1.0000e+00
7.9610e+03  1.0000e+00
7.9612e+03  1.0000e+00
7.9615e+03  1.0000e+00
7.9618e+03  1.0000e+00
7.9620e+03  1.0000e+00
7.9622e+03  1.0000e+00
7.9625e+03  1.0000e+00
7.9628e+03  1.0000e+00
7.9630e+03  1.0000e+00
7.9632e+03  1.0000e+00
7.9635e+03  1.0000e+00
7.9638e+03  1.0000e+00
7.9640e+03  1.0000e+00
7.9642e+03  1.0000e+00
7.9645e+03  1.0000e+00
7.9648e+03  1.0000e+00
7.9650e+03  1.0000e+00
7.9652e+03  1.0000e+00
7.9655e+03  1.0000e+00
7.9658e+03  1.0000e+00
7.9660e+03  1.0000e+00
7.9662e+03  1.0000e+00
7.9665e+03  1.0000e+00
7.9668e+03  1.0000e+00
7.9670e+03  1.0000e+00
7.9672e+03  1.0000e+00
7.9675e+03  1.0000e+00
7.9678e+03  1.0000e+00
7.9680e+03  1.0000e+00
7.9682e+03  1.0000e+00
7.9685e+03  1.0000e+00
7.9688e+03  1.0000e+00
7.9690e+03  1.0000e+00
7.9692e+03  1.0000e+00
7.9695e+03  1.0000e+00
7.9698e+03  1.0000e+00
7.9700e+03  1.0000e+00
7.9702e+03  1.0000e+00
7.9705e+03  1.0000e+00
7.9708e+03  1.0000e+00
7.9710e+03  1.0000e+00
7.9712e+03  1.0000e+00
7.9715e+03  1.0000e+00
7.9718e+03  1.0000e+00
7.9720e+03  1.0000e+00
7.9722e+03  1.0000e+00
7.9725e+03  1.0000e+00
7.9728e+03  1.0000e+00
7.9730e+03  1.0000e+00
7.9732e+03  1.0000e+00
7.9735e+03  1.0000e+00
7.9738e+03  1.0000e+00
7.9740e+03  1.0000e+00
7.9742e+03  1.0000e+00
7.9745e+03  1.0000e+00
7.9748e+03  1.0000e+00
7.9750e+03  1.0000e+00
7.9752e+03  1.0000e+00
7.9755e+03  1.0000e+00
7.9758e+03  1.0000e+00
7.9760e+03  1.0000e+00
7.9762e+03  1.0000e+00
7.9765e+03  1.0000e+00
7.9768e+03  1.0000e+00
7.9770e+03  1.0000e+00
7.9772e+03  1.0000e+00
7.9775e+03  1.0000e+00
7.9778e+03  1.0000e+00
7.9780e+03  1.0000e+00
7.9782e+03  1.0000e+00
7.9785e+03  1.0000e+00
7.9788e+03  1.0000e+00
7.9790e+03  1.0000e+00
7.9792e+03  1.0000e+00
7.9795e+03  1.0000e+00
7.9798e+03  1.0000e+00
7.9800e+03  1.0000e+00
7.9802e+03  1.0000e+00
7.9805e+03  1.0000e+00
7.9808e+03  1.0000e+00
7.9810e+03  1.0000e+00
7.9812e+03  1.0000e+00
7.9815e+03  1.0000e+00
7.9818e+03  1.0000e+00
7.9820e+03  1.0000e+00
7.9822e+03  1.0000e+00
7.9825e+03  1.0000e+00
7.9828e+03  1.0000e+00
7.9830e+03  1.0000e+00
7.9832e+03  1.0000e+00
7.9835e+03  1.0000e+00
7.9838e+03  1.0000e+00
7.9840e+03  1.0000e+00
7.9842e+03  1.0000e+00
7.9845e+03  1.0000e+00
7.9848e+03  1.0000e+00
7.9850e+03  1.0000e+00
7.9852e+03  1.0000e+00
7.9855e+03  1.0000e+00
7.9858e+03  1.0000e+00
7.9860e+03  1.0000e+00
7.9862e+03  1.0000e+00
7.9865e+03  1.0000e+00
7.9868e+03  1.0000e+00
7.9870e+03  1.0000e+00
7.9872e+03  1.0000e+00
7.9875e+03  1.0000e+00
7.9878e+03  1.0000e+00
7.9880e+03  1.0000e+00
7.9882e+03  1.0000e+00
7.9885e+03  1.0000e+00
7.9888e+03  1.0000e+00
7.9890e+03  1.0000e+00
7.9892e+03  1.0000e+00
7.9895e+03  1.0000e+00
7.9898e+03  1.0000e+00
7.9900e+03  1.0000e+00
7.9902e+03  1.0000e+00
7.9905e+03  1.0000e+00
7.9908e+03  1.0000e+00
7.9910e+03  1.0000e+00
7.9912e+03  1.0000e+00
7.9915e+03  1.0000e+00
7.9918e+03  1.0000e+00
7.9920e+03  1.0000e+00
7.9922e+03  1.0000e+00
7.9925e+03  1.0000e+00
7.9928e+03  1.0000e+00
7.9930e+03  1.0000e+00
7.9932e+03  1.0000e+00
7.9935e+03  1.0000e+00
7.9938e+03  1.0000e+00
7.9940e+03  1.0000e+00
7.9942e+03  1.0000e+00
7.9945e+03  1.0000e+00
7.9948e+03  1.0000e+00
7.9950e+03  1.0000e+00
7.9952e+03  1.0000e+00
7.9955e+03  1.0000e+00
7.9958e+03  1.0000e+00
7.9960e+03  1.0000e+00
7.9962e+03  1.0000e+00
7.9965e+03  1.0000e+00
7.9968e+03  1.0000e+00
7.9970e+03  1.0000e+00
7.9972e+03  1.0000e+00
7.9975e+03  1.0000e+00
7.9978e+03  1.0000e+00
7.9980e+03  1.0000e+00
7.9982e+03  1.0000e+00
7.9985e+03  1.0000e+00
7.9988e+03  1.0000e+00
7.9990e+03  1.0000e+00
7.9992e+03  1.0000e+00
7.9995e+03  1.0000e+00
7.9998e+03  1.0000e+00
8.0000e+03  1.0000e+00
