EEL_J1248+4711   12 48 47.82  +47 11 05.81 2000.0  rotdest=40.
offset01         12 48 48.201 +47 10 16.75 2000.0  rotdest=40.
EEL_J1323+3946   13 23 59.07  +39 46 33.2  2000.0  rotdest=52.0
offset02         13 23 58.471 +39 47 22.93 2000.0  rotdest=52.0
EEL_J1347-0101   13 47 04.96  -01 01 03.52 2000.0  rotdest=-52.0
offset03         13 47 02.189 -01 00 09.96 2000.0  rotdest=-52.0
EEL_J1446+3856   14 46 30.20  +38 56 56.4  2000.0  rotdest=-8.0
offset04         14 46 32.695 +38 56 30.22 2000.0  rotdest=-8.0
EEL_J1605+3811   16 05 23.28  +38 11 53.9  2000.0  rotdest=-1.0
offset05         16 05 18.614 +38 11 36.11 2000.0  rotdest=-1.0
EEL_J1606+2235   16 06 07.09  +22 35 11.3  2000.0  rotdest=96.0
EEL_J1619+2024   16 19 12.63  +20 24 27.8  2000.0  rotdest=75.0
offset07         16 19 14.445 +20 25 01.62 2000.0  rotdest=75.0
EEL_J2228-0018   22 28 40.81  -00 18 16.8  2000.0  rotdest=-18.0
Feige66          12 37 23.6   +25 04 00.0  2000.0  vmag=10.50
HZ44             13 23 35.4   +36 08 00.0  2000.0  vmag=11.66
BD332642         15 51 59.9   +32 56 55.0  2000.0  vmag=10.81
BD284211         21 51 11.1   +28 51 52.0  2000.0  vmag=10.51
Feige 110        23 19 58.4   -05 09 56.0  2000.0  vmag=11.82
BLLac1246+586    12 48 18.785 +58 20 28.71 2000.0
